23815
28
57905
57905
0 1 1 2 1005 126 6 (D 1,23,23) (S 65,23,31) (S 66,31,32) (S 69,32,35) (D 35,1,1)
0 1 2 5 1386 126 11 (D 1,34,34) (S 5,1,34) (S 67,32,33) (S 68,32,34) (S 64,30,31) (S 72,37,38) (D 38,1,1)
0 1 3 4 1034 121 9 (D 1,40,40) (S 9,1,40) (S 70,33,36) (S 71,33,37) (S 73,37,39) (S 74,39,40) (D 40,1,1)
0 1 4 6 921 123 13 (D 1,77,77) (S 12,1,77) (S 44,13,14) (S 45,14,15) (S 47,15,17) (S 48,15,18) (S 123,15,77) (S 43,13,16) (D 16,1,1)
0 1 5 2 1172 117 6 (D 1,73,73) (S 117,73,74) (S 118,18,72) (D 72,1,1)
0 1 6 5 961 123 11 (D 1,24,24) (S 22,1,24) (S 54,22,75) (S 56,24,25) (S 62,28,29) (S 63,25,29) (D 29,1,1)
0 1 7 5 751 129 10 (D 1,12,12) (S 20,1,12) (S 42,12,16) (S 44,13,14) (S 45,14,15) (S 46,13,77) (D 16,1,1)
0 1 8 6 872 129 12 (D 1,41,41) (S 1,1,41) (S 78,41,42) (S 78,41,42) (S 79,42,43) (S 97,42,56) (S 98,42,57) (D 43,1,1)
0 1 9 9 1013 130 18 (D 1,22,22) (S 4,1,22) (S 55,22,24) (S 59,23,26) (S 58,25,26) (S 61,26,28) (S 60,26,27) (S 61,26,28) (S 120,23,75) (S 57,25,75) (D 53,1,1)
0 1 10 4 948 124 10 (D 1,19,19) (S 50,19,20) (S 49,18,19) (S 51,18,20) (S 95,19,50) (D 50,1,1)
0 1 11 8 733 123 16 (D 1,50,50) (S 26,1,50) (S 90,50,52) (S 92,52,53) (S 91,51,53) (S 53,21,22) (S 55,22,24) (S 94,24,53) (S 93,52,54) (D 54,1,1)
0 1 12 3 805 108 7 (D 1,62,62) (S 6,1,62) (S 108,62,66) (S 109,66,68) (S 109,66,68) (D 68,1,1)
0 1 13 7 1170 127 15 (D 1,12,12) (S 20,1,12) (S 121,12,76) (S 113,70,71) (S 113,70,71) (S 114,71,72) (S 115,71,73) (S 116,72,73) (S 122,20,76) (D 76,1,1)
0 1 14 3 950 130 7 (D 1,57,57) (S 18,1,57) (S 80,43,44) (S 119,56,67) (D 67,1,1)
0 1 15 8 1228 130 17 (D 1,49,49) (S 88,49,50) (S 66,31,32) (S 73,37,39) (S 75,35,39) (S 76,35,41) (S 77,40,41) (S 125,21,51) (D 51,1,1)
0 1 16 4 791 129 8 (D 1,76,76) (S 10,1,76) (S 52,19,21) (S 89,49,51) (D 51,1,1)
0 1 17 4 678 127 7 (D 1,62,62) (S 6,1,62) (S 128,62,67) (S 96,55,56) (D 56,1,1)
0 1 18 5 842 127 11 (D 1,62,62) (S 6,1,62) (S 105,62,63) (S 107,63,65) (S 106,63,64) (S 107,63,65) (S 104,60,62) (D 62,1,1)
0 1 19 3 774 99 8 (D 1,60,60) (S 103,60,61) (S 127,60,67) (S 128,62,67) (D 67,1,1)
0 1 20 6 713 126 13 (D 1,44,44) (S 25,1,44) (S 81,44,45) (S 82,45,46) (S 84,46,47) (S 85,47,48) (S 85,47,48) (S 87,47,49) (S 82,45,46) (D 46,1,1)
0 1 21 5 790 125 10 (D 1,10,10) (S 40,10,11) (S 41,11,12) (S 121,12,76) (S 124,76,77) (S 41,11,12) (D 9,1,1)
0 1 22 3 792 119 8 (D 1,44,44) (S 25,1,44) (S 83,44,46) (S 126,44,59) (S 99,57,58) (D 58,1,1)
0 1 23 4 497 123 7 (D 1,45,45) (S 11,1,45) (S 82,45,46) (S 126,44,59) (S 111,59,69) (D 69,1,1)
0 1 24 4 651 129 9 (D 1,59,59) (S 17,1,59) (S 100,58,59) (S 102,58,60) (S 110,58,69) (D 69,1,1)
0 1 25 3 719 117 8 (D 1,7,7) (S 37,7,8) (S 38,8,9) (S 39,9,10) (S 40,10,11) (S 86,11,48) (D 48,1,1)
0 1 26 4 654 127 10 (D 1,2,2) (S 31,1,2) (S 33,2,4) (S 34,4,5) (S 36,5,7) (S 37,7,8) (S 38,8,9) (S 101,11,59) (D 59,1,1)
0 1 27 4 503 123 9 (D 1,4,4) (S 34,4,5) (S 35,5,6) (S 32,2,3) (D 3,1,1)
0 1 28 2 462 107 5 (D 1,2,2) (S 31,1,2) (S 33,2,4) (S 112,4,69) (D 69,1,1)
