697
7
3798
3798
0 1 1 1 14 14 4 (D 1,7,7) (S 4,1,7) (S 16,7,10) (D 10,1,1)
0 1 2 2 81 39 4 (D 1,2,2) (S 1,1,2) (S 17,2,8) (D 8,1,1)
0 1 3 6 177 41 13 (D 1,7,7) (S 4,1,7) (S 12,7,8) (S 8,3,8) (S 17,2,8) (S 20,2,3) (S 25,3,6) (S 22,6,9) (D 6,1,1)
0 1 4 3 72 35 8 (D 1,4,4) (S 2,1,4) (S 14,4,2) (S 20,2,3) (S 15,3,1) (S 2,1,4) (S 23,4,5) (D 5,1,1)
0 1 5 6 135 41 11 (D 1,7,7) (S 4,1,7) (S 23,4,5) (S 10,4,1) (S 5,1,8) (S 7,8,10) (S 13,3,7) (D 7,1,1)
0 1 6 3 87 36 6 (D 1,9,9) (S 6,1,9) (S 9,6,7) (D 5,1,1)
0 1 7 5 131 39 11 (D 1,7,7) (S 4,1,7) (S 18,5,6) (S 25,3,6) (S 22,6,9) (S 19,9,10) (S 26,5,7) (D 7,1,1)
