61841
26
131348
131348
0 1 1 7 2541 1715 12 (D 1,64,64) (S 50,1,64) (S 170,65,76) (S 177,77,66) (S 171,66,65) (S 168,65,54) (D 54,1,1)
0 1 2 10 2933 1721 18 (D 1,55,55) (S 43,1,55) (S 155,55,66) (S 171,66,65) (S 169,65,64) (S 171,66,65) (S 169,65,64) (S 167,64,63) (S 154,55,44) (S 155,55,66) (S 153,54,55) (D 55,1,1)
0 1 3 7 2571 1711 16 (D 1,32,32) (S 26,1,32) (S 114,32,43) (S 117,33,44) (S 135,43,32) (S 114,32,43) (S 136,43,42) (S 112,31,32) (S 113,32,33) (S 115,33,22) (S 116,33,32) (D 32,1,1)
0 1 4 9 2731 1713 17 (D 1,61,61) (S 48,1,61) (S 162,61,72) (S 69,73,74) (S 176,74,63) (S 174,72,71) (S 161,61,50) (S 162,61,72) (S 163,61,73) (S 147,50,49) (D 49,1,1)
0 1 5 8 2634 1636 17 (D 1,19,19) (S 15,1,19) (S 95,19,31) (S 133,41,40) (S 131,40,51) (S 132,41,30) (S 148,50,51) (S 133,41,40) (S 131,40,51) (S 149,51,62) (S 110,30,31) (D 31,1,1)
0 1 6 10 2723 1692 17 (D 1,21,21) (S 17,1,21) (S 97,21,32) (S 113,32,33) (S 115,33,22) (S 98,22,21) (S 96,21,20) (S 97,21,32) (S 98,22,21) (S 113,32,33) (S 79,9,20) (D 20,1,1)
0 1 7 8 2724 1695 18 (D 1,69,69) (S 55,1,69) (S 173,69,70) (S 109,29,39) (S 134,42,41) (S 129,39,49) (S 146,49,60) (S 159,60,59) (S 160,60,61) (S 163,61,73) (S 175,73,72) (S 142,48,37) (D 37,1,1)
0 1 8 6 2342 1644 11 (D 1,69,69) (S 55,1,69) (S 173,69,70) (S 130,39,50) (S 147,50,49) (S 144,49,38) (S 145,49,48) (D 48,1,1)
0 1 9 6 2273 1713 11 (D 1,30,30) (S 24,1,30) (S 110,30,31) (S 65,31,42) (S 65,31,42) (S 111,31,20) (S 91,19,7) (D 7,1,1)
0 1 10 5 2171 1667 9 (D 1,57,57) (S 45,1,57) (S 68,67,68) (S 68,67,68) (S 156,57,46) (D 46,1,1)
0 1 11 7 2454 1671 13 (D 1,10,10) (S 7,1,10) (S 80,10,9) (S 78,9,19) (S 93,19,18) (S 94,19,29) (S 108,29,30) (S 80,10,9) (S 81,10,11) (D 11,1,1)
0 1 12 10 2832 1706 19 (D 1,50,50) (S 39,1,50) (S 131,40,51) (S 149,51,62) (S 164,62,51) (S 149,51,62) (S 165,62,63) (S 166,62,73) (S 146,49,60) (S 128,39,29) (S 88,16,15) (S 124,37,38) (D 38,1,1)
0 1 13 8 2429 1672 14 (D 1,56,56) (S 44,1,56) (S 141,47,58) (S 158,58,57) (S 67,56,67) (S 68,67,68) (S 172,68,69) (D 69,1,1)
0 1 14 6 2332 1527 14 (D 1,45,45) (S 36,1,45) (S 66,45,56) (S 122,36,35) (S 121,35,46) (S 138,46,47) (S 123,36,47) (S 140,47,48) (S 143,48,59) (S 157,57,68) (D 68,1,1)
0 1 15 5 2054 1648 8 (D 1,27,27) (S 22,1,27) (S 124,37,38) (S 125,38,27) (S 105,27,16) (D 16,1,1)
0 1 16 6 2295 1691 12 (D 1,7,7) (S 6,1,7) (S 92,19,9) (S 78,9,19) (S 93,19,18) (S 94,19,29) (S 109,29,39) (S 127,39,28) (D 28,1,1)
0 1 17 6 2221 1592 14 (D 1,6,6) (S 5,1,6) (S 74,6,17) (S 77,8,19) (S 93,19,18) (S 90,18,17) (S 76,7,18) (S 87,16,5) (S 89,17,6) (D 6,1,1)
0 1 18 7 2352 1627 16 (D 1,27,27) (S 22,1,27) (S 106,27,38) (S 103,26,27) (S 107,28,17) (S 104,26,37) (S 124,37,38) (S 125,38,27) (S 106,27,38) (S 126,38,37) (S 120,35,36) (D 36,1,1)
0 1 19 6 2200 1675 11 (D 1,35,35) (S 29,1,35) (S 121,35,46) (S 121,35,46) (S 138,46,47) (S 139,47,46) (S 138,46,47) (S 140,47,48) (D 36,1,1)
0 1 20 7 2429 1704 13 (D 1,14,14) (S 10,1,14) (S 84,14,25) (S 88,16,15) (S 85,15,4) (S 86,15,14) (S 75,7,8) (D 8,1,1)
0 1 21 5 2084 1697 10 (D 1,12,12) (S 8,1,12) (S 83,12,23) (S 99,23,24) (S 101,24,25) (S 100,24,13) (S 101,24,25) (D 25,1,1)
0 1 22 7 2674 1722 13 (D 1,14,14) (S 10,1,14) (S 176,74,63) (S 150,52,41) (S 151,52,51) (S 152,53,54) (S 69,73,74) (D 74,1,1)
0 1 23 6 1841 1506 9 (D 1,13,13) (S 9,1,13) (S 83,12,23) (S 64,23,34) (S 82,12,1) (D 1,1,1)
0 1 24 6 2092 1503 14 (D 1,2,2) (S 1,1,2) (S 72,2,13) (S 73,3,14) (S 99,23,24) (S 101,24,25) (S 102,25,36) (S 122,36,35) (S 118,35,24) (S 119,35,34) (D 34,1,1)
0 1 25 5 1805 1577 7 (D 1,2,2) (S 1,1,2) (S 71,2,3) (D 6,1,1)
0 1 26 4 2104 1591 9 (D 1,2,2) (S 1,1,2) (S 71,2,3) (S 64,23,34) (S 137,45,46) (D 46,1,1)
