45554
17
74705
74705
0 1 1 12 3285 1796 25 (D 72,10,10) (S 4,72,10) (S 43,10,11) (S 44,13,26) (S 47,24,37) (S 48,25,24) (S 49,25,38) (S 50,26,25) (S 58,37,38) (S 68,49,62) (S 69,52,51) (S 83,63,64) (S 95,76,89) (D 89,72,72)
0 1 2 10 2906 1823 19 (D 72,111,111) (S 123,111,112) (S 125,115,116) (S 124,113,114) (S 126,116,117) (S 119,102,101) (S 109,88,75) (S 106,85,86) (D 86,72,72)
0 1 3 8 2672 1818 14 (D 72,105,105) (S 34,72,105) (S 121,107,108) (S 121,107,108) (S 122,110,111) (S 118,98,97) (S 113,92,79) (D 79,72,72)
0 1 4 7 2973 1827 13 (D 72,1,1) (S 1,72,1) (S 40,2,15) (S 41,3,4) (S 51,27,28) (S 53,28,29) (S 42,6,7) (D 7,72,72)
0 1 5 9 2647 1816 17 (D 72,92,92) (S 30,72,92) (S 113,92,79) (S 98,79,80) (S 99,80,81) (S 100,81,82) (S 101,81,94) (S 99,80,81) (S 100,81,82) (S 102,82,83) (S 99,80,81) (S 105,84,71) (D 71,72,72)
0 1 6 6 2487 1680 11 (D 72,43,43) (S 17,72,43) (S 61,43,30) (S 54,30,31) (S 54,30,31) (S 55,31,32) (S 62,43,42) (D 42,72,72)
0 1 7 9 2941 1814 18 (D 72,40,40) (S 14,72,40) (S 70,54,41) (S 71,54,67) (S 72,55,68) (S 51,27,28) (S 52,27,40) (S 87,67,66) (S 88,68,67) (D 67,72,72)
0 1 8 7 2804 1815 16 (D 72,83,83) (S 104,83,96) (S 103,83,84) (S 107,85,98) (S 118,98,97) (S 115,97,84) (S 116,97,96) (S 117,97,110) (S 114,93,80) (D 80,72,72)
0 1 9 7 2735 1809 14 (D 72,61,61) (S 80,61,62) (S 46,22,9) (S 57,36,37) (S 84,64,51) (S 85,65,52) (D 52,72,72)
0 1 10 9 2764 1826 18 (D 72,88,88) (S 29,72,88) (S 86,65,78) (S 93,76,63) (S 94,76,75) (S 96,77,76) (S 97,78,77) (S 108,87,88) (S 92,74,73) (D 73,72,72)
0 1 11 7 2445 1809 13 (D 72,74,74) (S 25,72,74) (S 111,90,77) (S 112,90,91) (S 120,104,103) (S 126,116,117) (S 127,117,104) (D 104,72,72)
0 1 12 9 3175 1785 18 (D 72,56,56) (S 18,72,56) (S 59,42,29) (S 60,42,41) (S 61,43,30) (S 63,44,43) (S 90,69,68) (S 91,70,83) (S 78,60,61) (D 61,72,72)
0 1 13 5 2116 1483 12 (D 72,45,45) (S 65,45,58) (S 66,47,46) (S 67,47,60) (S 77,59,60) (S 78,60,61) (S 79,61,48) (D 48,72,72)
0 1 14 6 2458 1818 13 (D 72,69,69) (S 23,72,69) (S 64,45,44) (S 73,57,44) (S 74,57,70) (S 89,69,56) (S 76,58,71) (D 71,72,72)
0 1 15 7 2785 1775 10 (D 72,6,6) (S 2,72,6) (S 45,21,20) (D 73,72,72)
0 1 16 5 2165 1533 10 (D 72,59,59) (S 20,72,59) (S 81,61,74) (S 82,62,75) (S 110,88,89) (D 89,72,72)
0 1 17 4 2196 1409 8 (D 72,33,33) (S 11,72,33) (S 56,33,20) (S 75,58,59) (D 59,72,72)
