4446
24
309779
309779
0 1 1 12 214 74 24 (D 1,42,42) (S 30,1,42) (S 123,42,44) (S 119,41,42) (S 209,42,36) (S 112,36,42) (S 123,42,44) (S 220,44,42) (S 123,42,44) (S 126,44,49) (S 223,49,44) (S 127,44,50) (S 209,42,36) (S 112,36,42) (S 216,42,41) (S 220,44,42) (S 222,50,43) (S 125,43,50) (S 224,50,44) (D 44,1,1)
0 1 2 10 230 75 20 (D 1,43,43) (S 25,1,43) (S 212,43,38) (S 223,49,44) (S 124,43,45) (S 213,45,38) (S 116,38,45) (S 128,45,50) (S 225,50,45) (S 128,45,50) (S 229,50,49) (S 192,38,28) (S 95,28,38) (S 199,38,32) (S 211,43,37) (D 37,1,1)
0 1 3 8 166 74 15 (D 1,49,49) (S 10,1,49) (S 228,49,48) (S 217,48,41) (S 120,41,48) (S 217,48,41) (S 121,41,49) (S 112,36,42) (S 122,42,43) (S 190,36,27) (S 93,27,36) (S 206,36,35) (D 35,1,1)
0 1 4 9 154 71 18 (D 1,24,24) (S 15,1,24) (S 85,24,32) (S 191,32,28) (S 94,28,32) (S 191,32,28) (S 94,28,32) (S 191,32,28) (S 183,28,25) (S 191,32,28) (S 94,28,32) (S 196,32,31) (S 99,31,32) (S 101,32,37) (S 198,37,32) (S 182,32,24) (D 24,1,1)
0 1 5 9 232 72 20 (D 1,25,25) (S 86,25,28) (S 113,37,38) (S 199,38,32) (S 102,32,38) (S 192,38,28) (S 95,28,38) (S 132,49,50) (S 222,50,43) (S 125,43,50) (S 225,50,45) (S 128,45,50) (S 225,50,45) (S 213,45,38) (S 116,38,45) (S 221,45,43) (D 43,1,1)
0 1 6 10 200 75 22 (D 1,27,27) (S 6,1,27) (S 93,27,36) (S 111,36,37) (S 198,37,32) (S 196,32,31) (S 99,31,32) (S 101,32,37) (S 114,37,43) (S 212,43,38) (S 115,38,43) (S 212,43,38) (S 210,38,37) (S 114,37,43) (S 212,43,38) (S 115,38,43) (S 219,43,42) (S 197,37,31) (S 100,31,37) (S 208,37,36) (D 36,1,1)
0 1 7 11 221 75 24 (D 1,30,30) (S 19,1,30) (S 98,30,34) (S 186,34,26) (S 87,26,29) (S 170,29,18) (S 73,18,29) (S 202,40,33) (S 103,33,34) (S 200,34,33) (S 193,33,29) (S 96,29,33) (S 104,33,39) (S 194,39,29) (S 97,29,39) (S 201,39,33) (S 105,33,40) (S 118,40,47) (S 226,47,46) (S 129,46,47) (S 226,47,46) (S 203,46,33) (D 33,1,1)
0 1 8 15 227 75 31 (D 1,34,34) (S 107,34,35) (S 129,46,47) (S 130,47,48) (S 117,40,41) (S 207,41,35) (S 110,35,41) (S 120,41,48) (S 131,48,49) (S 218,49,41) (S 207,41,35) (S 110,35,41) (S 214,41,40) (S 217,48,41) (S 121,41,49) (S 218,49,41) (S 120,41,48) (S 227,48,47) (S 228,49,48) (S 227,48,47) (S 215,47,40) (S 118,40,47) (S 226,47,46) (S 185,30,26) (D 26,1,1)
0 1 9 8 204 74 15 (D 1,3,3) (S 12,1,3) (S 140,10,4) (S 43,4,10) (S 140,10,4) (S 138,4,3) (S 136,3,2) (S 39,2,3) (S 42,3,9) (S 56,9,16) (S 69,16,24) (D 24,1,1)
0 1 10 9 262 75 20 (D 1,8,8) (S 2,1,8) (S 52,8,9) (S 56,9,16) (S 68,16,17) (S 41,3,4) (S 43,4,10) (S 57,10,17) (S 154,17,10) (S 140,10,4) (S 43,4,10) (S 151,10,9) (S 70,17,25) (S 167,25,17) (S 154,17,10) (S 57,10,17) (S 165,17,16) (D 16,1,1)
0 1 11 11 196 75 21 (D 1,26,26) (S 3,1,26) (S 88,26,30) (S 109,35,36) (S 206,36,35) (S 208,37,36) (S 111,36,37) (S 189,35,27) (S 92,27,35) (S 204,35,34) (S 100,31,37) (S 197,37,31) (S 178,31,22) (S 81,22,31) (S 180,31,23) (D 23,1,1)
0 1 12 9 213 71 20 (D 1,2,2) (S 36,1,2) (S 39,2,3) (S 82,23,24) (S 54,9,10) (S 151,10,9) (S 55,9,15) (S 152,15,9) (S 56,9,16) (S 153,16,9) (S 139,9,3) (S 42,3,9) (S 149,9,8) (S 153,16,9) (S 56,9,16) (S 163,16,15) (D 15,1,1)
0 1 13 8 166 74 17 (D 1,20,20) (S 24,1,20) (S 77,20,30) (S 187,30,27) (S 91,27,31) (S 188,31,27) (S 176,27,21) (S 169,26,18) (S 72,18,26) (S 87,26,29) (S 170,29,18) (S 72,18,26) (S 172,26,19) (S 168,19,18) (S 71,18,19) (D 19,1,1)
0 1 14 12 196 75 23 (D 1,34,34) (S 108,34,40) (S 97,29,39) (S 201,39,33) (S 104,33,39) (S 201,39,33) (S 103,33,34) (S 200,34,33) (S 104,33,39) (S 201,39,33) (S 105,33,40) (S 202,40,33) (S 106,33,46) (S 203,46,33) (S 193,33,29) (S 205,40,34) (S 184,29,26) (S 172,26,19) (D 19,1,1)
0 1 15 9 170 74 19 (D 1,27,27) (S 6,1,27) (S 90,27,30) (S 185,30,26) (S 89,26,34) (S 195,34,30) (S 174,30,20) (S 77,20,30) (S 187,30,27) (S 90,27,30) (S 187,30,27) (S 92,27,35) (S 204,35,34) (S 186,34,26) (S 89,26,34) (S 195,34,30) (S 168,19,18) (D 18,1,1)
0 1 16 10 184 73 20 (D 1,14,14) (S 18,1,14) (S 64,14,15) (S 81,22,31) (S 66,15,16) (S 69,16,24) (S 84,24,25) (S 181,25,24) (S 166,24,16) (S 69,16,24) (S 84,24,25) (S 167,25,17) (S 179,24,23) (S 181,25,24) (S 166,24,16) (D 16,1,1)
0 1 17 10 156 74 20 (D 1,14,14) (S 18,1,14) (S 65,14,22) (S 52,8,9) (S 149,9,8) (S 53,8,14) (S 64,14,15) (S 67,15,23) (S 177,23,22) (S 80,22,23) (S 147,8,7) (S 152,15,9) (S 55,9,15) (S 161,15,14) (S 40,2,7) (D 7,1,1)
0 1 18 8 131 71 17 (D 1,11,11) (S 4,1,11) (S 59,11,19) (S 168,19,18) (S 72,18,26) (S 169,26,18) (S 71,18,19) (S 74,19,20) (S 171,20,19) (S 75,19,26) (S 172,26,19) (S 156,19,11) (S 143,18,5) (S 45,5,11) (S 58,11,12) (D 12,1,1)
0 1 19 11 181 75 21 (D 1,20,20) (S 24,1,20) (S 76,20,21) (S 160,21,13) (S 63,13,21) (S 79,21,27) (S 176,27,21) (S 78,21,22) (S 175,22,21) (S 79,21,27) (S 176,27,21) (S 160,21,13) (S 63,13,21) (S 173,21,20) (S 150,14,8) (S 53,8,14) (S 159,14,13) (D 13,1,1)
0 1 20 9 167 75 17 (D 1,12,12) (S 16,1,12) (S 177,23,22) (S 80,22,23) (S 83,23,31) (S 178,31,22) (S 162,22,14) (S 164,23,15) (S 175,22,21) (S 177,23,22) (S 81,22,31) (S 188,31,27) (D 27,1,1)
0 1 21 9 168 75 19 (D 1,5,5) (S 20,1,5) (S 155,12,11) (S 58,11,12) (S 61,12,20) (S 45,5,11) (S 142,11,5) (S 46,5,18) (S 142,11,5) (S 158,20,12) (S 61,12,20) (S 171,20,19) (S 145,12,6) (D 6,1,1)
0 1 22 9 180 74 19 (D 1,6,6) (S 14,1,6) (S 48,6,12) (S 145,12,6) (S 47,6,7) (S 137,7,2) (S 40,2,7) (S 50,7,8) (S 147,8,7) (S 51,7,13) (S 148,13,7) (S 137,7,2) (S 40,2,7) (S 144,7,6) (S 133,2,1) (S 20,1,5) (S 134,5,1) (D 1,1,1)
0 1 23 2 53 24 5 (D 1,6,6) (S 14,1,6) (S 141,6,5) (S 44,5,6) (D 6,1,1)
0 1 24 11 175 75 21 (D 1,6,6) (S 14,1,6) (S 135,6,1) (S 14,1,6) (S 141,6,5) (S 60,12,13) (S 146,13,6) (S 49,6,13) (S 62,13,14) (S 159,14,13) (S 62,13,14) (S 159,14,13) (S 146,13,6) (S 49,6,13) (S 148,13,7) (S 51,7,13) (S 157,13,12) (S 44,5,6) (D 6,1,1)
