86526
38
209298
209298
0 1 1 1 576 555 3 (D 1,8,8) (S 6,1,8) (D 8,1,1)
0 1 2 1 630 593 4 (D 1,8,8) (S 6,1,8) (S 65,8,9) (D 9,1,1)
0 1 3 9 3274 1587 17 (D 1,49,49) (S 44,1,49) (S 173,49,58) (S 179,58,59) (S 176,51,60) (S 123,59,60) (S 123,59,60) (S 180,59,58) (S 175,51,42) (D 42,1,1)
0 1 4 5 2594 1616 8 (D 1,49,49) (S 44,1,49) (S 114,49,50) (S 122,57,58) (S 122,57,58) (D 58,1,1)
0 1 5 5 2675 1562 12 (D 1,40,40) (S 35,1,40) (S 101,40,41) (S 168,41,50) (S 115,50,51) (S 175,51,42) (S 169,42,51) (S 116,50,59) (S 174,50,41) (D 41,1,1)
0 1 6 4 2463 1577 7 (D 1,33,33) (S 28,1,33) (S 103,41,42) (S 103,41,42) (D 42,1,1)
0 1 7 5 2829 1566 12 (D 1,49,49) (S 44,1,49) (S 114,49,50) (S 93,33,42) (S 168,41,50) (S 159,33,24) (S 160,33,32) (D 32,1,1)
0 1 8 4 2498 1572 10 (D 1,32,32) (S 27,1,32) (S 92,32,41) (S 102,40,49) (S 112,48,49) (S 172,48,39) (D 39,1,1)
0 1 9 4 2438 1483 9 (D 1,16,16) (S 14,1,16) (S 83,22,23) (S 141,23,24) (S 142,24,16) (S 135,16,24) (S 143,24,23) (D 23,1,1)
0 1 10 5 2707 1584 12 (D 1,55,55) (S 50,1,55) (S 177,55,56) (S 113,48,57) (S 121,56,57) (S 178,56,55) (S 166,39,29) (D 29,1,1)
0 1 11 7 2580 1593 11 (D 1,53,53) (S 48,1,53) (S 110,47,48) (S 177,55,56) (S 110,47,48) (S 172,48,39) (S 100,39,40) (D 40,1,1)
0 1 12 5 2773 1609 12 (D 1,22,22) (S 20,1,22) (S 139,22,31) (S 85,25,31) (S 135,16,24) (S 157,32,31) (S 156,31,32) (S 158,32,33) (D 33,1,1)
0 1 13 6 2609 1500 13 (D 1,7,7) (S 128,7,16) (S 134,15,23) (S 141,23,24) (S 143,24,23) (S 84,23,32) (S 140,23,15) (S 134,15,23) (S 141,23,24) (D 24,1,1)
0 1 14 5 2472 1596 10 (D 1,31,31) (S 26,1,31) (S 91,31,40) (S 100,39,40) (S 167,39,48) (S 154,30,31) (D 31,1,1)
0 1 15 6 2681 1538 13 (D 1,29,29) (S 25,1,29) (S 104,43,44) (S 99,38,44) (S 152,29,39) (S 164,38,37) (S 165,38,39) (D 39,1,1)
0 1 16 5 2473 1604 12 (D 1,45,45) (S 40,1,45) (S 107,45,52) (S 170,43,46) (S 120,54,55) (S 109,46,53) (S 171,46,43) (D 43,1,1)
0 1 17 7 2476 1587 14 (D 1,25,25) (S 146,25,30) (S 154,30,31) (S 156,31,32) (S 157,32,31) (S 155,31,22) (S 139,22,31) (S 156,31,32) (S 153,30,29) (S 144,25,20) (D 20,1,1)
0 1 18 4 2228 1535 8 (D 1,43,43) (S 38,1,43) (S 99,38,44) (S 105,44,47) (S 108,46,47) (D 47,1,1)
0 1 19 6 2544 1562 12 (D 1,36,36) (S 31,1,36) (S 97,36,45) (S 106,45,46) (S 117,52,53) (S 111,47,56) (S 119,53,55) (D 55,1,1)
0 1 20 4 2563 1583 10 (D 1,14,14) (S 12,1,14) (S 74,14,22) (S 63,6,7) (S 75,15,16) (S 64,6,15) (D 15,1,1)
0 1 21 4 2095 1537 7 (D 1,14,14) (S 12,1,14) (S 64,6,15) (S 133,14,5) (D 5,1,1)
0 1 22 3 2051 1437 8 (D 1,34,34) (S 29,1,34) (S 94,34,35) (S 90,28,38) (S 164,38,37) (S 98,37,43) (D 43,1,1)
0 1 23 4 2150 1563 8 (D 1,13,13) (S 11,1,13) (S 70,13,14) (S 82,21,22) (S 82,21,22) (D 22,1,1)
0 1 24 5 2092 1598 9 (D 1,36,36) (S 31,1,36) (S 95,35,37) (S 95,35,37) (S 162,35,27) (D 27,1,1)
0 1 25 4 2203 1495 9 (D 1,5,5) (S 4,1,5) (S 62,5,6) (S 127,5,14) (S 133,14,5) (S 127,5,14) (S 73,14,15) (D 15,1,1)
0 1 26 4 2342 1615 9 (D 1,20,20) (S 18,1,20) (S 89,28,37) (S 96,36,37) (S 163,36,34) (D 34,1,1)
0 1 27 8 2539 1530 16 (D 1,12,12) (S 10,1,12) (S 132,12,19) (S 87,27,28) (S 80,20,21) (S 138,20,25) (S 150,29,19) (S 151,29,30) (S 148,27,18) (D 18,1,1)
0 1 28 6 2144 1518 10 (D 1,34,34) (S 29,1,34) (S 107,45,52) (S 118,52,54) (S 118,52,54) (S 106,45,46) (D 46,1,1)
0 1 29 5 2461 1588 12 (D 1,11,11) (S 9,1,11) (S 68,11,18) (S 61,4,13) (S 71,13,19) (S 79,19,28) (S 87,27,28) (S 149,27,26) (D 26,1,1)
0 1 30 4 2296 1551 10 (D 1,18,18) (S 16,1,18) (S 77,18,26) (S 88,28,29) (S 81,20,29) (S 145,25,21) (D 21,1,1)
0 1 31 4 2191 1547 8 (D 1,4,4) (S 3,1,4) (S 60,4,5) (S 71,13,19) (S 71,13,19) (D 19,1,1)
0 1 32 5 2320 1602 10 (D 1,18,18) (S 16,1,18) (S 61,4,13) (S 72,13,20) (S 78,19,20) (S 125,3,2) (D 2,1,1)
0 1 33 5 2086 1485 10 (D 1,17,17) (S 15,1,17) (S 76,17,26) (S 86,26,34) (S 161,34,36) (S 137,18,19) (S 136,17,11) (D 11,1,1)
0 1 34 3 1733 1300 8 (D 1,10,10) (S 8,1,10) (S 130,10,17) (S 76,17,26) (S 86,26,34) (S 147,26,27) (D 27,1,1)
0 1 35 5 2185 1602 12 (D 1,10,10) (S 8,1,10) (S 67,10,11) (S 66,9,11) (S 124,2,3) (S 126,3,12) (S 69,12,13) (S 131,12,3) (D 3,1,1)
0 1 36 6 2101 1567 10 (D 1,10,10) (S 8,1,10) (S 67,10,11) (S 126,3,12) (S 131,12,3) (S 59,3,4) (S 126,3,12) (D 12,1,1)
0 1 37 4 1474 1280 6 (D 1,8,8) (S 6,1,8) (S 58,2,9) (D 2,1,1)
0 1 38 3 1980 1468 8 (D 1,2,2) (S 1,1,2) (S 58,2,9) (S 76,17,26) (S 129,8,10) (D 10,1,1)
