339
7
3209
3209
0 1 1 1 9 9 4 (D 1,3,3) (S 2,1,3) (S 29,3,5) (D 5,1,1)
0 1 2 4 55 27 8 (D 1,6,6) (S 3,1,6) (S 10,6,10) (S 22,6,11) (D 11,1,1)
0 1 3 4 42 27 8 (D 1,2,2) (S 1,1,2) (S 25,2,3) (S 13,2,4) (S 24,2,6) (D 6,1,1)
0 1 4 8 58 22 12 (D 1,7,7) (S 4,1,7) (S 18,5,7) (S 8,3,10) (D 7,1,1)
0 1 5 3 43 21 8 (D 1,4,4) (S 17,4,8) (S 20,7,8) (S 26,7,10) (D 10,1,1)
0 1 6 6 66 22 11 (D 1,11,11) (S 7,1,11) (S 9,3,6) (S 11,7,9) (S 14,4,7) (D 7,1,1)
0 1 7 5 66 26 12 (D 1,3,3) (S 2,1,3) (S 19,3,11) (S 25,2,3) (S 27,2,9) (S 28,2,5) (S 30,4,9) (D 9,1,1)
