52841
27
26169
26169
0 1 1 1 569 530 4 (D 22,39,39) (S 75,39,40) (D 40,22,22)
0 1 2 3 2138 1514 8 (D 22,43,43) (S 83,43,46) (S 65,33,42) (S 81,42,45) (S 85,45,46) (D 46,22,22)
0 1 3 4 2046 1413 10 (D 22,25,25) (S 48,25,33) (S 65,33,42) (S 80,42,43) (S 81,42,45) (S 85,45,46) (S 86,46,47) (D 47,22,22)
0 1 4 3 2031 1475 8 (D 22,43,43) (S 82,43,44) (S 69,35,44) (S 84,44,47) (S 87,47,48) (D 48,22,22)
0 1 5 4 2184 1537 10 (D 22,37,37) (S 72,37,48) (S 67,34,43) (S 82,43,44) (S 84,44,47) (S 87,47,48) (S 88,48,49) (D 49,22,22)
0 1 6 3 2027 1560 8 (D 22,26,26) (S 50,26,35) (S 66,34,35) (S 68,35,36) (S 70,36,37) (D 37,22,22)
0 1 7 4 2369 1533 10 (D 22,1,1) (S 1,1,2) (S 2,1,8) (S 3,2,3) (S 17,9,19) (D 19,22,22)
0 1 8 4 2206 1538 10 (D 22,19,19) (S 36,19,26) (S 15,8,18) (S 34,18,25) (S 47,25,26) (S 49,26,27) (S 51,27,28) (D 28,22,22)
0 1 9 3 1896 1368 8 (D 22,28,28) (S 54,28,37) (S 52,27,36) (S 70,36,37) (S 71,37,38) (D 38,22,22)
0 1 10 4 2182 1493 10 (D 22,29,29) (S 56,29,37) (S 34,18,25) (S 48,25,33) (S 64,33,34) (S 66,34,35) (S 68,35,36) (D 36,22,22)
0 1 11 3 2083 1551 8 (D 22,20,20) (S 38,20,28) (S 33,18,19) (S 36,19,26) (S 49,26,27) (D 27,22,22)
0 1 12 4 2083 1336 10 (D 22,40,40) (S 78,40,51) (S 57,29,38) (S 73,38,39) (S 76,39,50) (S 89,49,50) (D 50,22,22)
0 1 13 3 2025 1468 8 (D 22,2,2) (S 4,2,9) (S 14,8,9) (S 17,9,19) (S 35,19,20) (D 20,22,22)
0 1 14 4 2357 1563 10 (D 22,24,24) (S 46,24,32) (S 90,50,51) (S 79,41,52) (S 91,51,52) (D 52,22,22)
0 1 15 5 2188 1549 12 (D 22,3,3) (S 5,3,4) (S 6,3,10) (S 16,9,10) (S 19,10,15) (S 28,15,16) (S 29,15,20) (D 20,22,22)
0 1 16 3 2026 1331 8 (D 22,38,38) (S 74,38,49) (S 63,32,41) (S 77,40,41) (D 41,22,22)
0 1 17 4 2082 1476 10 (D 22,12,12) (S 23,12,13) (S 11,6,7) (S 13,7,14) (S 27,14,24) (S 12,6,13) (D 13,22,22)
0 1 18 2 1607 1305 6 (D 22,13,13) (S 25,13,14) (S 26,13,23) (D 23,22,22)
0 1 19 4 1869 1413 10 (D 22,10,10) (S 19,10,15) (S 20,10,16) (S 37,20,21) (S 31,16,21) (D 21,22,22)
0 1 20 4 2185 1545 10 (D 22,30,30) (S 43,22,30) (S 58,30,31) (S 44,23,24) (S 61,31,40) (S 62,32,40) (D 40,22,22)
0 1 21 4 2025 1350 10 (D 22,4,4) (S 7,4,5) (S 8,4,11) (S 10,5,12) (S 18,10,11) (D 11,22,22)
0 1 22 3 2031 1547 8 (D 22,31,31) (S 60,31,32) (S 59,30,39) (S 73,38,39) (D 39,22,22)
0 1 23 3 1707 1366 8 (D 22,11,11) (S 21,11,12) (S 22,11,17) (S 30,16,17) (D 17,22,22)
0 1 24 3 1896 1466 8 (D 22,5,5) (S 9,5,6) (S 11,6,7) (S 13,7,14) (S 24,12,22) (D 22,22,22)
0 1 25 4 1944 1448 9 (D 22,21,21) (S 41,21,29) (S 39,20,29) (S 53,28,29) (S 55,29,30) (D 30,22,22)
0 1 26 3 1644 1203 8 (D 22,23,23) (S 42,22,23) (S 45,23,31) (S 32,17,21) (S 41,21,29) (S 55,29,30) (D 30,22,22)
0 1 27 2 1441 1210 5 (D 22,21,21) (S 40,21,22) (S 42,22,23) (D 23,22,22)
