628
7
1948
1948
0 1 1 1 14 14 3 (D 1,7,7) (S 6,1,7) (D 7,1,1)
0 1 2 4 114 40 10 (D 1,7,7) (S 6,1,7) (S 10,7,8) (S 14,2,5) (S 15,2,1) (S 1,1,2) (S 16,2,3) (D 3,1,1)
0 1 3 4 138 40 8 (D 1,2,2) (S 1,1,2) (S 12,8,9) (S 11,6,7) (D 7,1,1)
0 1 4 3 57 41 6 (D 1,4,4) (S 3,1,4) (S 18,4,5) (S 19,4,1) (D 1,1,1)
0 1 5 3 121 38 7 (D 1,9,9) (S 7,1,9) (S 13,5,6) (S 23,8,10) (D 10,1,1)
0 1 6 6 103 41 12 (D 1,3,3) (S 2,1,3) (S 17,3,6) (S 17,3,6) (S 22,3,7) (S 24,3,1) (S 4,1,5) (S 8,5,7) (D 7,1,1)
0 1 7 3 81 31 7 (D 1,7,7) (S 6,1,7) (S 9,7,9) (S 18,4,5) (S 8,5,7) (D 7,1,1)
