40623
46
198948
198948
0 1 1 4 1172 129 10 (D 1,30,30) (S 59,30,31) (S 61,31,32) (S 62,32,33) (S 65,33,36) (S 163,36,33) (S 160,33,32) (S 159,32,31) (D 31,1,1)
0 1 2 2 1005 126 6 (D 1,23,23) (S 20,1,23) (S 60,23,31) (S 61,31,32) (S 64,32,35) (D 35,1,1)
0 1 3 4 1088 126 8 (D 1,32,32) (S 2,1,32) (S 63,32,34) (S 161,34,32) (S 63,32,34) (S 70,35,39) (D 39,1,1)
0 1 4 5 1100 130 12 (D 1,33,33) (S 65,33,36) (S 163,36,33) (S 66,33,37) (S 67,37,38) (S 165,38,37) (S 68,37,39) (S 69,39,40) (S 71,35,41) (D 41,1,1)
0 1 5 4 991 128 9 (D 1,39,39) (S 16,1,39) (S 166,39,37) (S 164,37,33) (S 168,39,35) (S 167,40,39) (D 39,1,1)
0 1 6 5 1197 129 12 (D 1,72,72) (S 23,1,72) (S 111,72,73) (S 208,73,71) (S 110,71,73) (S 112,73,74) (S 210,74,73) (S 208,73,71) (S 206,71,70) (S 141,18,15) (D 15,1,1)
0 1 7 7 850 127 14 (D 1,41,41) (S 11,1,41) (S 170,41,40) (S 72,40,41) (S 73,41,42) (S 171,42,41) (S 169,41,35) (S 71,35,41) (S 170,41,40) (S 74,42,43) (S 172,43,42) (S 93,42,57) (D 57,1,1)
0 1 8 3 1068 125 8 (D 1,35,35) (S 162,35,32) (S 166,39,37) (S 171,42,41) (D 41,1,1)
0 1 9 5 852 119 11 (D 1,65,65) (S 22,1,65) (S 200,65,63) (S 101,63,64) (S 199,64,63) (S 102,63,65) (S 200,65,63) (S 198,63,62) (S 199,64,63) (D 63,1,1)
0 1 10 4 1102 129 9 (D 1,23,23) (S 20,1,23) (S 60,23,31) (S 61,31,32) (S 63,32,34) (S 161,34,32) (S 172,43,42) (D 42,1,1)
0 1 11 7 1388 128 16 (D 1,37,37) (S 67,37,38) (S 165,38,37) (S 68,37,39) (S 157,31,30) (S 59,30,31) (S 158,31,23) (S 160,33,32) (S 72,40,41) (S 91,55,56) (D 56,1,1)
0 1 12 2 994 124 6 (D 1,20,20) (S 13,1,20) (S 143,20,19) (S 211,72,18) (D 18,1,1)
0 1 13 2 996 124 6 (D 1,19,19) (S 45,19,20) (S 144,20,18) (S 113,18,72) (D 72,1,1)
0 1 14 8 895 130 17 (D 1,22,22) (S 12,1,22) (S 50,22,24) (S 150,75,25) (S 52,25,75) (S 150,75,25) (S 149,25,24) (S 148,24,22) (S 49,22,75) (S 147,75,22) (S 146,22,21) (S 184,53,51) (S 86,51,53) (S 185,53,52) (D 52,1,1)
0 1 15 8 947 129 17 (D 1,51,51) (S 86,51,53) (S 50,22,24) (S 51,24,25) (S 52,25,75) (S 147,75,22) (S 49,22,75) (S 150,75,25) (S 52,25,75) (S 213,75,23) (S 89,24,53) (S 120,21,51) (D 51,1,1)
0 1 16 8 1034 126 18 (D 1,52,52) (S 19,1,52) (S 87,52,53) (S 54,23,26) (S 151,26,25) (S 53,25,26) (S 151,26,25) (S 58,25,29) (S 155,29,28) (S 57,28,29) (S 155,29,28) (S 154,28,26) (S 55,26,27) (S 153,27,26) (S 152,26,23) (S 115,23,75) (D 75,1,1)
0 1 17 4 840 124 10 (D 1,44,44) (S 10,1,44) (S 173,44,43) (S 189,56,55) (S 91,55,56) (S 190,56,42) (S 93,42,57) (S 191,57,42) (D 42,1,1)
0 1 18 9 1052 130 19 (D 1,27,27) (S 14,1,27) (S 153,27,26) (S 55,26,27) (S 153,27,26) (S 56,26,28) (S 57,28,29) (S 155,29,28) (S 57,28,29) (S 156,29,25) (S 53,25,26) (S 151,26,25) (S 53,25,26) (S 152,26,23) (S 148,24,22) (S 218,51,21) (D 21,1,1)
0 1 19 8 792 126 16 (D 1,50,50) (S 25,1,50) (S 85,50,52) (S 88,52,54) (S 186,54,52) (S 87,52,53) (S 187,53,24) (S 88,52,54) (S 186,54,52) (S 183,52,50) (S 186,54,52) (S 90,19,50) (D 50,1,1)
0 1 20 6 989 126 12 (D 1,20,20) (S 13,1,20) (S 207,72,71) (S 109,71,72) (S 211,72,18) (S 44,18,19) (S 142,19,18) (S 46,18,20) (S 117,20,76) (S 214,76,12) (D 12,1,1)
0 1 21 7 1150 126 16 (D 1,20,20) (S 13,1,20) (S 144,20,18) (S 113,18,72) (S 207,72,71) (S 206,71,70) (S 108,70,71) (S 110,71,73) (S 112,73,74) (S 210,74,73) (S 208,73,71) (S 110,71,73) (S 209,73,72) (S 215,76,20) (D 20,1,1)
0 1 22 4 798 105 10 (D 1,62,62) (S 100,62,63) (S 102,63,65) (S 200,65,63) (S 198,63,62) (S 123,62,67) (S 221,67,62) (S 197,62,60) (D 60,1,1)
0 1 23 6 759 124 13 (D 1,47,47) (S 82,47,49) (S 83,49,50) (S 188,50,19) (S 47,19,21) (S 120,21,51) (S 182,51,49) (S 83,49,50) (S 181,50,49) (S 180,49,47) (S 80,47,48) (D 48,1,1)
0 1 24 4 895 120 10 (D 1,60,60) (S 8,1,60) (S 99,60,62) (S 103,62,66) (S 104,66,68) (S 202,68,66) (S 201,66,62) (S 114,56,67) (D 67,1,1)
0 1 25 4 849 129 10 (D 1,58,58) (S 21,1,58) (S 97,58,60) (S 122,60,67) (S 212,67,56) (S 114,56,67) (S 220,67,60) (S 122,60,67) (S 221,67,62) (D 62,1,1)
0 1 26 6 786 124 13 (D 1,46,46) (S 1,1,46) (S 84,49,51) (S 218,51,21) (S 48,21,22) (S 146,22,21) (S 145,21,19) (S 180,49,47) (S 80,47,48) (S 178,48,47) (D 47,1,1)
0 1 27 3 852 124 8 (D 1,45,45) (S 77,45,46) (S 81,11,48) (S 178,48,47) (S 177,47,46) (D 46,1,1)
0 1 28 5 913 124 12 (D 1,46,46) (S 1,1,46) (S 79,46,47) (S 82,47,49) (S 83,49,50) (S 188,50,19) (S 142,19,18) (S 188,50,19) (S 175,46,45) (D 45,1,1)
0 1 29 5 790 128 12 (D 1,9,9) (S 17,1,9) (S 34,9,10) (S 35,10,11) (S 36,11,12) (S 116,12,76) (S 119,76,77) (S 135,16,12) (S 134,12,11) (S 133,11,10) (D 10,1,1)
0 1 30 4 844 128 8 (D 1,43,43) (S 7,1,43) (S 172,43,42) (S 92,42,56) (S 94,57,58) (D 44,1,1)
0 1 31 4 770 126 10 (D 1,59,59) (S 18,1,59) (S 193,59,58) (S 97,58,60) (S 98,60,61) (S 196,61,60) (S 122,60,67) (S 220,67,60) (S 195,60,58) (D 58,1,1)
0 1 32 2 685 125 5 (D 1,59,59) (S 18,1,59) (S 75,43,44) (D 44,1,1)
0 1 33 2 740 106 6 (D 1,58,58) (S 21,1,58) (S 192,58,57) (S 219,59,44) (D 44,1,1)
0 1 34 4 981 130 10 (D 1,8,8) (S 33,8,9) (S 78,44,46) (S 179,48,11) (S 174,45,44) (D 44,1,1)
0 1 35 3 756 130 7 (D 1,9,9) (S 17,1,9) (S 96,11,59) (S 130,8,7) (D 7,1,1)
0 1 36 6 770 124 14 (D 1,7,7) (S 32,7,8) (S 35,10,11) (S 36,11,12) (S 37,12,16) (S 136,16,13) (S 38,13,16) (S 135,16,12) (S 134,12,11) (S 133,11,10) (S 132,10,9) (D 9,1,1)
0 1 37 4 791 119 9 (D 1,66,66) (S 6,1,66) (S 104,66,68) (S 202,68,66) (S 201,66,62) (S 103,62,66) (S 204,69,59) (D 59,1,1)
0 1 38 2 526 107 6 (D 1,69,69) (S 203,69,58) (S 105,58,69) (S 205,69,4) (D 4,1,1)
0 1 39 10 1004 130 22 (D 1,5,5) (S 5,1,5) (S 31,5,7) (S 116,12,76) (S 39,13,14) (S 40,14,15) (S 42,15,17) (S 140,17,15) (S 43,15,18) (S 141,18,15) (S 118,15,77) (S 216,77,15) (S 138,15,14) (S 137,14,13) (S 41,13,77) (S 117,20,76) (S 129,7,5) (D 5,1,1)
0 1 40 8 922 121 18 (D 1,5,5) (S 5,1,5) (S 30,5,6) (S 136,16,13) (S 39,13,14) (S 40,14,15) (S 42,15,17) (S 140,17,15) (S 138,15,14) (S 137,14,13) (S 41,13,77) (S 139,77,13) (S 41,13,77) (S 216,77,15) (S 118,15,77) (S 217,77,76) (D 76,1,1)
0 1 41 4 652 124 9 (D 1,5,5) (S 5,1,5) (S 30,5,6) (S 128,6,5) (S 131,9,8) (S 29,4,5) (D 5,1,1)
0 1 42 4 634 122 8 (D 1,60,60) (S 8,1,60) (S 98,60,61) (S 196,61,60) (S 195,60,58) (S 126,4,2) (D 2,1,1)
0 1 43 5 758 129 11 (D 1,2,2) (S 4,1,2) (S 76,44,45) (S 77,45,46) (S 176,46,44) (S 121,44,59) (S 106,59,69) (S 204,69,59) (S 194,59,11) (D 11,1,1)
0 1 44 3 518 121 7 (D 1,2,2) (S 4,1,2) (S 28,2,4) (S 107,4,69) (S 125,3,2) (D 2,1,1)
0 1 45 5 678 116 12 (D 1,2,2) (S 4,1,2) (S 27,2,3) (S 125,3,2) (S 28,2,4) (S 95,58,59) (S 219,59,44) (S 121,44,59) (S 193,59,58) (S 105,58,69) (D 69,1,1)
0 1 46 2 450 88 6 (D 1,2,2) (S 4,1,2) (S 124,2,1) (S 5,1,5) (S 127,5,4) (D 4,1,1)
