16428
18
172370
172370
0 1 1 6 1249 147 12 (D 1,20,20) (S 7,1,20) (S 50,24,25) (S 48,20,22) (S 49,20,24) (S 50,24,25) (S 51,25,27) (D 27,1,1)
0 1 2 6 898 147 11 (D 1,48,48) (S 2,1,48) (S 68,48,49) (S 68,48,49) (S 69,49,140) (S 70,54,55) (D 55,1,1)
0 1 3 8 1153 150 14 (D 1,11,11) (S 15,1,11) (S 45,11,12) (S 46,12,13) (S 47,13,14) (S 46,12,13) (S 66,43,46) (D 46,1,1)
0 1 4 6 1081 150 12 (D 1,44,44) (S 64,44,45) (S 44,8,11) (S 56,11,33) (S 67,33,139) (S 83,46,77) (D 77,1,1)
0 1 5 7 976 150 14 (D 1,36,36) (S 1,1,36) (S 59,36,38) (S 60,38,39) (S 61,39,40) (S 58,36,37) (S 59,36,38) (S 62,37,43) (S 84,77,78) (D 78,1,1)
0 1 6 9 1245 148 18 (D 1,69,69) (S 79,69,71) (S 52,27,28) (S 54,28,30) (S 55,30,32) (S 53,28,29) (S 54,28,30) (S 56,11,33) (S 81,72,73) (D 73,1,1)
0 1 7 5 1147 148 12 (D 1,67,67) (S 78,67,69) (S 79,69,71) (S 80,71,72) (S 57,34,139) (S 115,11,27) (S 82,44,73) (D 73,1,1)
0 1 8 10 1019 147 19 (D 1,62,62) (S 22,1,62) (S 72,62,63) (S 74,64,65) (S 70,54,55) (S 71,55,56) (S 114,55,140) (S 73,63,64) (S 92,95,96) (S 93,96,97) (S 94,97,98) (D 98,1,1)
0 1 9 5 743 144 9 (D 1,80,80) (S 13,1,80) (S 63,43,44) (S 85,78,79) (S 86,79,80) (D 80,1,1)
0 1 10 7 790 148 12 (D 1,37,37) (S 10,1,37) (S 60,38,39) (S 66,43,46) (S 85,78,79) (S 89,84,85) (D 85,1,1)
0 1 11 7 646 146 12 (D 1,88,88) (S 23,1,88) (S 87,80,82) (S 88,82,84) (S 89,84,85) (S 90,85,86) (D 86,1,1)
0 1 12 7 1285 150 14 (D 1,6,6) (S 32,1,6) (S 42,6,8) (S 41,5,6) (S 41,5,6) (S 42,6,8) (S 43,8,9) (S 65,34,45) (S 91,86,87) (D 87,1,1)
0 1 13 4 806 149 10 (D 1,108,108) (S 100,108,109) (S 99,107,108) (S 101,107,110) (S 104,107,112) (D 112,1,1)
0 1 14 7 994 150 15 (D 1,66,66) (S 76,66,67) (S 77,67,68) (S 75,62,66) (S 93,96,97) (S 95,102,104) (S 105,112,113) (D 113,1,1)
0 1 15 6 633 139 10 (D 1,114,114) (S 30,1,114) (S 106,113,114) (S 109,2,117) (D 117,1,1)
0 1 16 5 696 148 10 (D 1,116,116) (S 107,1,116) (S 108,116,117) (S 112,124,126) (S 113,126,130) (D 130,1,1)
0 1 17 8 707 146 16 (D 1,103,103) (S 8,1,103) (S 97,105,106) (S 96,104,105) (S 97,105,106) (S 98,106,107) (S 101,107,110) (S 102,110,111) (S 103,110,112) (S 105,112,113) (S 110,117,119) (D 119,1,1)
0 1 18 2 360 76 5 (D 1,116,116) (S 107,1,116) (S 111,114,118) (D 118,1,1)
