24727
11
18970
18970
0 1 1 8 2902 1532 16 (D 15,23,23) (S 27,23,29) (S 32,40,41) (S 49,24,30) (S 58,36,30) (S 63,41,42) (S 32,40,41) (S 56,35,29) (D 29,15,15)
0 1 2 7 2711 1542 16 (D 15,28,28) (S 51,28,34) (S 31,39,40) (S 61,39,33) (S 54,33,39) (S 62,39,38) (S 30,35,36) (S 57,35,41) (S 55,34,33) (D 33,15,15)
0 1 3 5 1966 1381 9 (D 15,25,25) (S 12,15,25) (S 28,31,32) (S 59,38,37) (S 60,38,39) (D 39,15,15)
0 1 4 4 2204 1519 10 (D 15,1,1) (S 1,15,1) (S 17,1,2) (S 18,3,4) (S 19,3,9) (S 20,4,10) (D 10,15,15)
0 1 5 7 2340 1528 13 (D 15,17,17) (S 23,17,18) (S 22,11,12) (S 35,6,5) (S 22,11,12) (S 38,11,5) (D 18,15,15)
0 1 6 6 2283 1385 14 (D 15,19,19) (S 25,19,25) (S 28,31,32) (S 52,31,25) (S 29,32,33) (S 53,32,26) (S 43,19,20) (D 20,15,15)
0 1 7 6 2103 1339 12 (D 15,3,3) (S 2,15,3) (S 18,3,4) (S 20,4,10) (S 37,10,11) (S 38,11,5) (S 34,5,6) (S 39,12,18) (S 36,10,9) (D 9,15,15)
0 1 8 5 1955 1350 9 (D 15,1,1) (S 1,15,1) (S 33,1,7) (S 33,1,7) (S 40,13,19) (D 8,15,15)
0 1 9 7 2366 1401 15 (D 15,22,22) (S 11,15,22) (S 47,22,28) (S 45,22,16) (S 42,16,17) (S 46,22,23) (S 24,18,24) (S 48,23,22) (S 50,27,26) (D 26,15,15)
0 1 10 4 1805 1241 9 (D 15,21,21) (S 10,15,21) (S 45,22,16) (S 26,21,27) (S 54,33,39) (D 39,15,15)
0 1 11 4 2092 1520 9 (D 15,14,14) (S 8,15,14) (S 21,10,16) (S 44,21,20) (S 41,14,13) (D 13,15,15)
