70101
78
685913
685913
0 1 1 3 1334 117 8 (D 1,30,30) (S 16,1,30) (S 61,30,31) (S 243,24,23) (S 56,23,26) (S 246,26,23) (D 23,1,1)
0 1 2 6 1287 115 13 (D 1,6,6) (S 20,1,6) (S 32,6,7) (S 222,7,6) (S 33,6,8) (S 223,8,6) (S 221,6,5) (S 31,5,6) (S 221,6,5) (S 31,5,6) (S 32,6,7) (S 222,7,6) (D 6,1,1)
0 1 3 8 1334 119 17 (D 1,10,10) (S 14,1,10) (S 225,10,9) (S 35,9,10) (S 225,10,9) (S 224,9,8) (S 225,10,9) (S 41,15,16) (S 231,16,15) (S 42,15,17) (S 232,17,15) (S 230,15,10) (S 231,16,15) (D 15,1,1)
0 1 4 7 1291 116 16 (D 1,13,13) (S 44,13,16) (S 34,8,9) (S 35,9,10) (S 40,10,15) (S 230,15,10) (S 47,10,19) (S 236,19,18) (S 46,18,19) (S 236,19,18) (S 235,18,17) (S 234,16,13) (D 13,1,1)
0 1 5 4 1316 120 10 (D 1,21,21) (S 11,1,21) (S 51,21,23) (S 56,23,26) (S 62,26,31) (S 252,31,26) (S 245,26,25) (S 250,30,28) (D 28,1,1)
0 1 6 3 1376 118 8 (D 1,28,28) (S 13,1,28) (S 60,28,30) (S 49,20,21) (S 51,21,23) (S 241,23,21) (D 21,1,1)
0 1 7 7 1207 117 14 (D 1,27,27) (S 1,1,27) (S 247,27,25) (S 57,25,27) (S 58,27,28) (S 60,28,30) (S 63,30,32) (S 248,28,27) (S 253,32,30) (S 250,30,28) (S 59,28,29) (D 29,1,1)
0 1 8 4 1209 114 10 (D 1,29,29) (S 249,29,28) (S 55,25,26) (S 246,26,23) (S 56,23,26) (S 62,26,31) (S 251,31,30) (D 30,1,1)
0 1 9 5 1299 119 11 (D 1,30,30) (S 16,1,30) (S 247,27,25) (S 57,25,27) (S 409,27,11) (S 252,31,26) (S 86,33,139) (D 139,1,1)
0 1 10 8 1163 120 18 (D 1,48,48) (S 88,48,49) (S 278,49,48) (S 89,48,50) (S 90,50,51) (S 91,51,52) (S 90,50,51) (S 91,51,52) (S 92,52,53) (S 282,53,52) (S 281,52,51) (S 93,53,140) (S 283,140,53) (S 282,53,52) (D 52,1,1)
0 1 11 2 883 117 6 (D 1,39,39) (S 73,39,40) (S 74,40,41) (S 76,41,47) (D 47,1,1)
0 1 12 3 1050 116 8 (D 1,29,29) (S 64,29,33) (S 86,33,139) (S 256,139,34) (S 82,34,45) (S 101,45,60) (D 60,1,1)
0 1 13 3 1030 115 8 (D 1,34,34) (S 66,34,139) (S 276,139,33) (S 254,33,29) (S 271,45,44) (D 44,1,1)
0 1 14 6 1044 119 14 (D 1,55,55) (S 217,55,140) (S 87,48,139) (S 94,49,140) (S 408,140,54) (S 95,54,55) (S 285,55,54) (S 218,54,140) (S 407,140,55) (S 96,55,56) (D 56,1,1)
0 1 15 5 1082 118 12 (D 1,140,140) (S 283,140,53) (S 93,53,140) (S 284,140,49) (S 104,49,61) (S 292,61,60) (S 102,60,61) (S 293,61,59) (S 286,56,55) (D 55,1,1)
0 1 16 9 1003 120 19 (D 1,36,36) (S 22,1,36) (S 71,36,38) (S 72,38,39) (S 262,39,38) (S 75,38,41) (S 264,41,40) (S 74,40,41) (S 264,41,40) (S 263,40,39) (S 264,41,40) (S 74,40,41) (S 265,41,38) (S 261,38,36) (S 71,36,38) (S 72,38,39) (S 262,39,38) (D 38,1,1)
0 1 17 4 962 119 9 (D 1,59,59) (S 29,1,59) (S 257,35,34) (S 291,60,45) (S 271,45,44) (S 270,44,43) (D 43,1,1)
0 1 18 6 968 118 14 (D 1,34,34) (S 67,34,35) (S 69,35,37) (S 77,37,42) (S 267,42,37) (S 79,37,43) (S 269,43,37) (S 259,37,35) (S 78,42,43) (S 268,43,42) (S 83,42,47) (D 47,1,1)
0 1 19 2 889 116 6 (D 1,47,47) (S 266,47,41) (S 267,42,37) (D 37,1,1)
0 1 20 7 1174 120 15 (D 1,25,25) (S 3,1,25) (S 244,25,24) (S 54,24,25) (S 244,25,24) (S 242,24,20) (S 244,25,24) (S 58,27,28) (S 82,34,45) (S 85,43,46) (D 46,1,1)
0 1 21 6 1126 118 13 (D 1,46,46) (S 6,1,46) (S 275,46,43) (S 272,45,34) (S 226,11,8) (S 36,8,11) (S 65,11,33) (S 255,33,11) (S 276,139,33) (D 33,1,1)
0 1 22 8 944 120 17 (D 1,46,46) (S 6,1,46) (S 84,46,47) (S 69,35,37) (S 260,37,36) (S 258,36,35) (S 68,35,36) (S 71,36,38) (S 261,38,36) (S 258,36,35) (S 69,35,37) (S 260,37,36) (S 70,36,37) (S 260,37,36) (S 258,36,35) (D 35,1,1)
0 1 23 7 934 118 16 (D 1,96,96) (S 154,96,97) (S 155,97,98) (S 345,98,97) (S 344,97,96) (S 156,96,99) (S 346,99,96) (S 343,96,95) (S 158,99,100) (S 348,100,99) (S 346,99,96) (S 156,96,99) (S 347,99,97) (D 97,1,1)
0 1 24 7 993 119 16 (D 1,43,43) (S 80,43,44) (S 289,59,58) (S 268,43,42) (S 83,42,47) (S 273,47,42) (S 83,42,47) (S 274,47,46) (S 275,46,43) (S 269,43,37) (S 126,46,77) (D 77,1,1)
0 1 25 6 936 119 14 (D 1,63,63) (S 25,1,63) (S 107,63,64) (S 97,56,57) (S 108,64,65) (S 299,65,56) (S 109,56,65) (S 298,65,64) (S 297,64,63) (S 296,63,62) (S 106,62,63) (D 63,1,1)
0 1 26 6 924 120 14 (D 1,57,57) (S 105,57,62) (S 295,62,57) (S 287,57,56) (S 286,56,55) (S 285,55,54) (S 218,54,140) (S 407,140,55) (S 217,55,140) (S 408,140,54) (S 298,65,64) (D 64,1,1)
0 1 27 9 1295 117 20 (D 1,71,71) (S 117,71,72) (S 223,8,6) (S 38,12,13) (S 43,13,17) (S 45,17,18) (S 46,18,19) (S 236,19,18) (S 46,18,19) (S 237,19,10) (S 232,17,15) (S 42,15,17) (S 233,17,13) (S 228,13,12) (S 227,12,11) (D 11,1,1)
0 1 28 3 765 118 7 (D 1,46,46) (S 6,1,46) (S 126,46,77) (S 127,77,78) (S 313,76,75) (D 75,1,1)
0 1 29 4 1232 117 10 (D 1,11,11) (S 21,1,11) (S 37,11,12) (S 239,21,20) (S 65,11,33) (S 315,77,76) (D 76,1,1)
0 1 30 6 947 120 13 (D 1,63,63) (S 25,1,63) (S 98,57,58) (S 110,62,66) (S 149,64,93) (S 295,62,57) (S 115,70,71) (D 71,1,1)
0 1 31 6 1094 118 14 (D 1,69,69) (S 17,1,69) (S 114,69,70) (S 278,49,48) (S 87,48,139) (S 277,139,48) (S 89,48,50) (S 279,50,48) (S 280,51,50) (S 294,61,49) (D 49,1,1)
0 1 32 8 886 117 18 (D 1,69,69) (S 17,1,69) (S 116,69,71) (S 117,71,72) (S 118,72,73) (S 120,73,74) (S 124,74,76) (S 314,76,74) (S 309,74,72) (S 119,72,74) (S 310,74,73) (S 125,76,77) (S 315,77,76) (S 314,76,74) (S 309,74,72) (S 307,72,71) (D 71,1,1)
0 1 33 6 923 119 14 (D 1,72,72) (S 119,72,74) (S 310,74,73) (S 120,73,74) (S 310,74,73) (S 308,73,72) (S 118,72,73) (S 311,73,44) (S 122,71,75) (S 312,75,71) (S 305,71,70) (D 70,1,1)
0 1 34 6 975 120 14 (D 1,58,58) (S 99,58,59) (S 121,44,73) (S 220,58,70) (S 410,70,58) (S 288,58,57) (S 296,63,62) (S 306,71,69) (D 69,1,1)
0 1 35 5 909 120 11 (D 1,69,69) (S 17,1,69) (S 123,75,76) (S 125,76,77) (S 316,77,46) (S 312,75,71) (S 305,71,70) (S 410,70,58) (D 58,1,1)
0 1 36 6 988 119 14 (D 1,59,59) (S 29,1,59) (S 100,59,60) (S 290,60,59) (S 103,59,61) (S 292,61,60) (S 102,60,61) (S 294,61,49) (S 104,49,61) (S 292,61,60) (S 290,60,59) (S 303,69,67) (D 67,1,1)
0 1 37 6 961 117 14 (D 1,68,68) (S 302,68,67) (S 301,67,66) (S 111,66,67) (S 299,65,56) (S 113,67,69) (S 114,69,70) (S 304,70,69) (S 303,69,67) (S 301,67,66) (D 66,1,1)
0 1 38 7 1178 120 14 (D 1,14,14) (S 4,1,14) (S 234,16,13) (S 39,13,14) (S 229,14,13) (S 43,13,17) (S 233,17,13) (S 228,13,12) (S 229,14,13) (S 112,67,68) (D 68,1,1)
0 1 39 5 1381 120 11 (D 1,20,20) (S 52,20,24) (S 51,21,23) (S 53,23,24) (S 240,22,20) (S 130,79,81) (D 81,1,1)
0 1 40 4 858 118 10 (D 1,66,66) (S 161,66,101) (S 351,101,66) (S 300,66,62) (S 339,93,64) (S 149,64,93) (S 340,93,63) (D 63,1,1)
0 1 41 8 700 111 16 (D 1,131,131) (S 207,131,132) (S 208,132,133) (S 210,133,135) (S 401,135,134) (S 211,134,135) (S 401,135,134) (S 212,134,136) (S 402,136,134) (S 399,134,133) (S 398,133,132) (S 208,132,133) (S 398,133,132) (S 397,132,131) (D 131,1,1)
0 1 42 9 815 115 20 (D 1,80,80) (S 319,80,79) (S 129,79,80) (S 131,80,81) (S 128,78,79) (S 318,79,78) (S 317,78,77) (S 318,79,78) (S 134,81,83) (S 324,83,81) (S 320,81,79) (S 130,79,81) (S 321,81,80) (S 136,83,84) (D 84,1,1)
0 1 43 8 874 118 18 (D 1,93,93) (S 151,93,94) (S 150,63,93) (S 151,93,94) (S 159,94,100) (S 349,100,94) (S 160,94,101) (S 350,101,94) (S 341,94,93) (S 162,101,102) (S 352,102,101) (S 350,101,94) (S 352,102,101) (D 101,1,1)
0 1 44 4 791 120 10 (D 1,94,94) (S 152,94,95) (S 348,100,99) (S 158,99,100) (S 349,100,94) (S 165,102,104) (D 104,1,1)
0 1 45 5 776 112 12 (D 1,127,127) (S 204,127,129) (S 393,129,128) (S 203,128,129) (S 393,129,128) (S 391,128,127) (S 201,127,128) (S 392,128,3) (S 390,127,126) (D 126,1,1)
0 1 46 8 853 120 18 (D 1,125,125) (S 216,125,138) (S 206,126,131) (S 209,133,134) (S 211,134,135) (S 400,135,133) (S 210,133,135) (S 401,135,134) (S 399,134,133) (S 210,133,135) (S 400,135,133) (S 398,133,132) (S 214,136,138) (D 138,1,1)
0 1 47 7 779 118 16 (D 1,84,84) (S 148,84,92) (S 337,92,82) (S 133,82,83) (S 323,83,82) (S 135,82,84) (S 325,84,82) (S 147,82,92) (S 337,92,82) (S 322,82,80) (S 146,89,92) (S 336,92,89) (S 331,89,88) (D 88,1,1)
0 1 48 6 746 119 14 (D 1,124,124) (S 199,124,126) (S 200,126,127) (S 201,127,128) (S 392,128,3) (S 202,3,128) (S 203,128,129) (S 393,129,128) (S 203,128,129) (S 394,129,127) (S 390,127,126) (S 389,126,124) (D 124,1,1)
0 1 49 6 828 120 14 (D 1,95,95) (S 153,95,96) (S 154,96,97) (S 155,97,98) (S 345,98,97) (S 157,97,99) (S 347,99,97) (S 344,97,96) (S 343,96,95) (S 342,95,94) (S 356,105,104) (D 104,1,1)
0 1 50 4 701 119 10 (D 1,86,86) (S 19,1,86) (S 140,86,88) (S 142,88,90) (S 143,90,91) (S 333,91,90) (S 332,90,88) (S 142,88,90) (S 334,90,68) (D 68,1,1)
0 1 51 7 836 119 16 (D 1,91,91) (S 333,91,90) (S 132,80,82) (S 133,82,83) (S 324,83,81) (S 141,88,89) (S 146,89,92) (S 336,92,89) (S 146,89,92) (S 337,92,82) (S 147,82,92) (S 338,92,84) (D 84,1,1)
0 1 52 2 870 119 5 (D 1,109,109) (S 7,1,109) (S 361,109,108) (S 171,108,109) (D 109,1,1)
0 1 53 5 1100 116 11 (D 1,12,12) (S 48,12,20) (S 50,20,22) (S 240,22,20) (S 50,20,22) (S 240,22,20) (S 238,20,12) (S 139,86,87) (D 87,1,1)
0 1 54 4 554 119 9 (D 1,81,81) (S 10,1,81) (S 320,81,79) (S 129,79,80) (S 323,83,82) (S 329,87,86) (D 86,1,1)
0 1 55 4 710 112 10 (D 1,122,122) (S 5,1,122) (S 194,122,123) (S 200,126,127) (S 390,127,126) (S 205,126,130) (S 215,131,138) (D 138,1,1)
0 1 56 3 635 111 8 (D 1,123,123) (S 195,123,124) (S 388,124,4) (S 198,4,124) (S 385,124,123) (S 384,123,122) (D 122,1,1)
0 1 57 4 748 109 10 (D 1,103,103) (S 353,103,102) (S 163,102,103) (S 354,103,91) (S 357,106,105) (S 359,108,107) (D 107,1,1)
0 1 58 6 473 116 11 (D 1,122,122) (S 5,1,122) (S 383,122,87) (S 329,87,86) (S 139,86,87) (S 193,87,122) (S 328,86,85) (S 382,122,121) (D 121,1,1)
0 1 59 7 628 114 15 (D 1,85,85) (S 24,1,85) (S 327,85,84) (S 137,84,85) (S 327,85,84) (S 325,84,82) (S 135,82,84) (S 326,84,83) (S 327,85,84) (S 137,84,85) (S 138,85,86) (S 383,122,87) (D 87,1,1)
0 1 60 4 1180 120 10 (D 1,121,121) (S 192,121,122) (S 81,44,45) (S 219,11,27) (S 409,27,11) (S 226,11,8) (D 8,1,1)
0 1 61 8 662 119 18 (D 1,107,107) (S 169,107,108) (S 360,108,106) (S 170,106,108) (S 359,108,107) (S 172,107,110) (S 362,110,107) (S 175,107,112) (S 364,112,110) (S 173,110,111) (S 363,111,110) (S 174,110,112) (S 364,112,110) (S 362,110,107) (S 363,111,110) (D 110,1,1)
0 1 62 3 679 119 8 (D 1,66,66) (S 145,66,91) (S 330,88,86) (S 380,121,118) (D 118,1,1)
0 1 63 4 663 116 10 (D 1,118,118) (S 190,118,121) (S 197,123,125) (S 216,125,138) (S 405,138,131) (S 215,131,138) (S 406,138,125) (D 125,1,1)
0 1 64 4 586 109 10 (D 1,120,120) (S 191,120,121) (S 381,121,120) (S 196,120,123) (S 195,123,124) (S 385,124,123) (S 197,123,125) (S 387,125,123) (D 123,1,1)
0 1 65 7 672 120 14 (D 1,105,105) (S 2,1,105) (S 356,105,104) (S 355,104,102) (S 163,102,103) (S 166,104,105) (S 356,105,104) (S 355,104,102) (S 167,105,106) (S 176,112,113) (D 113,1,1)
0 1 66 4 648 117 9 (D 1,90,90) (S 26,1,90) (S 332,90,88) (S 142,88,90) (S 334,90,68) (S 144,68,90) (S 381,121,120) (D 120,1,1)
0 1 67 2 699 102 6 (D 1,118,118) (S 379,118,91) (S 388,124,4) (D 4,1,1)
0 1 68 5 602 116 11 (D 1,112,112) (S 23,1,112) (S 168,106,107) (S 175,107,112) (S 364,112,110) (S 174,110,112) (S 365,112,107) (S 177,103,113) (D 113,1,1)
0 1 69 4 594 115 10 (D 1,117,117) (S 185,117,118) (S 379,118,91) (S 164,91,103) (S 354,103,91) (S 189,91,118) (S 366,113,112) (D 112,1,1)
0 1 70 3 634 112 8 (D 1,107,107) (S 358,107,106) (S 170,106,108) (S 360,108,106) (S 367,113,103) (D 103,1,1)
0 1 71 4 710 116 10 (D 1,113,113) (S 178,113,114) (S 187,119,120) (S 188,114,118) (S 386,123,120) (D 120,1,1)
0 1 72 3 680 111 8 (D 1,91,91) (S 335,91,66) (S 161,66,101) (S 351,101,66) (S 377,120,119) (D 119,1,1)
0 1 73 2 696 115 6 (D 1,109,109) (S 7,1,109) (S 361,109,108) (S 368,114,113) (D 113,1,1)
0 1 74 4 509 120 10 (D 1,116,116) (S 181,1,116) (S 182,116,117) (S 374,117,2) (S 184,2,117) (S 373,117,115) (S 369,115,114) (S 188,114,118) (S 375,118,117) (D 117,1,1)
0 1 75 5 726 120 12 (D 1,117,117) (S 186,117,119) (S 395,130,126) (S 206,126,131) (S 396,131,126) (S 372,117,116) (S 182,116,117) (S 374,117,2) (D 2,1,1)
0 1 76 6 751 120 13 (D 1,136,136) (S 30,1,136) (S 213,136,137) (S 403,137,136) (S 402,136,134) (S 212,134,136) (S 213,136,137) (S 403,137,136) (S 214,136,138) (S 404,138,136) (S 180,115,116) (D 116,1,1)
0 1 77 4 336 84 9 (D 1,116,116) (S 181,1,116) (S 370,116,115) (S 369,115,114) (S 179,114,115) (S 183,115,117) (S 373,117,115) (S 180,115,116) (D 116,1,1)
0 1 78 4 507 120 10 (D 1,115,115) (S 183,115,117) (S 186,117,119) (S 376,119,117) (S 185,117,118) (S 378,118,114) (S 371,116,1) (D 1,1,1)
