10919
7
48912
48912
0 1 1 10 2042 299 19 (D 1,27,27) (S 2,1,27) (S 38,32,31) (S 39,33,32) (S 40,34,32) (S 38,32,31) (S 37,31,23) (S 68,75,23) (S 53,56,55) (S 70,51,21) (D 21,1,1)
0 1 2 14 1736 301 24 (D 1,52,52) (S 19,1,52) (S 52,54,52) (S 28,16,13) (S 31,18,15) (S 29,14,13) (S 30,17,15) (S 32,19,18) (S 33,20,19) (S 51,52,50) (D 50,1,1)
0 1 3 16 1705 305 30 (D 1,12,12) (S 4,1,12) (S 26,12,11) (S 27,16,12) (S 35,22,21) (S 36,75,22) (S 35,22,21) (S 70,51,21) (S 34,21,19) (S 50,51,49) (S 49,50,49) (S 69,76,20) (S 48,49,47) (S 47,48,47) (S 46,47,46) (S 45,46,44) (S 25,10,9) (D 9,1,1)
0 1 4 8 1555 289 17 (D 1,58,58) (S 55,58,57) (S 59,61,60) (S 60,62,60) (S 61,63,62) (S 62,65,63) (S 63,66,62) (S 64,68,66) (D 66,1,1)
0 1 5 7 1416 299 14 (D 1,44,44) (S 43,44,43) (S 42,41,35) (S 41,35,32) (S 42,41,35) (S 54,57,42) (S 44,45,44) (D 44,1,1)
0 1 6 7 1290 240 16 (D 1,69,69) (S 1,1,69) (S 65,69,58) (S 66,69,59) (S 46,47,46) (S 56,59,58) (S 58,60,58) (S 57,59,11) (S 71,59,44) (D 44,1,1)
0 1 7 9 1175 301 16 (D 1,69,69) (S 1,1,69) (S 24,5,4) (S 67,69,4) (S 22,3,2) (S 21,2,1) (S 12,1,3) (S 22,3,2) (S 23,4,2) (D 2,1,1)
