710
10
7721
7721
0 1 1 3 64 24 8 (D 1,20,20) (S 32,20,21) (S 34,18,21) (S 41,18,25) (D 25,1,1)
0 1 2 3 51 25 6 (D 1,23,23) (S 8,1,23) (S 35,22,23) (D 26,1,1)
0 1 3 5 76 27 10 (D 1,12,12) (S 43,12,13) (S 14,13,14) (S 44,14,18) (S 47,13,15) (D 15,1,1)
0 1 4 5 72 24 10 (D 1,8,8) (S 4,1,8) (S 23,24,27) (S 37,8,9) (S 17,3,4) (D 4,1,1)
0 1 5 4 93 27 10 (D 1,3,3) (S 10,1,3) (S 12,3,8) (S 22,4,6) (S 24,7,11) (S 36,3,6) (D 6,1,1)
0 1 6 5 51 27 10 (D 1,6,6) (S 3,1,6) (S 21,5,9) (S 28,5,6) (S 29,4,19) (D 19,1,1)
0 1 7 9 131 27 19 (D 1,2,2) (S 1,1,2) (S 14,13,14) (S 38,22,25) (S 15,15,20) (S 13,14,20) (S 32,20,21) (S 16,21,23) (S 18,21,25) (S 25,21,22) (S 38,22,25) (S 46,25,26) (D 26,1,1)
0 1 8 5 49 24 10 (D 1,2,2) (S 1,1,2) (S 11,2,12) (S 20,4,12) (S 20,4,12) (S 40,12,19) (D 3,1,1)
0 1 9 4 72 26 9 (D 1,27,27) (S 26,1,27) (S 33,4,5) (S 28,5,6) (S 39,6,9) (S 45,6,8) (D 8,1,1)
0 1 10 4 51 27 7 (D 1,19,19) (S 19,1,19) (S 27,15,17) (S 27,15,17) (D 17,1,1)
