707
7
3589
3589
0 1 1 1 14 14 4 (D 1,7,7) (S 6,1,7) (S 16,7,10) (D 10,1,1)
0 1 2 3 137 41 7 (D 1,2,2) (S 1,1,2) (S 14,8,9) (S 18,8,10) (D 10,1,1)
0 1 3 5 107 37 9 (D 1,6,6) (S 5,1,6) (S 24,3,6) (S 20,3,7) (S 22,3,8) (D 8,1,1)
0 1 4 5 147 39 11 (D 1,7,7) (S 6,1,7) (S 7,7,9) (S 17,7,8) (S 13,4,2) (S 21,2,3) (D 3,1,1)
0 1 5 2 67 37 4 (D 1,5,5) (S 4,1,5) (S 11,5,9) (D 9,1,1)
0 1 6 4 127 41 9 (D 1,4,4) (S 3,1,4) (S 13,4,2) (S 10,2,5) (S 24,3,6) (S 19,9,10) (D 10,1,1)
0 1 7 4 108 36 9 (D 1,7,7) (S 6,1,7) (S 9,5,7) (S 11,5,9) (S 23,4,1) (D 1,1,1)
