86526
38
115614
115614
0 1 1 1 576 555 3 (D 1,8,8) (D 1,8,8)
0 1 2 1 630 593 4 (D 1,8,8) (D 1,8,8) (D 8,9,9)
0 1 3 9 3274 1587 17 (D 1,49,49) (D 1,49,49) (D 49,58,58) (D 58,51,51) (D 51,58,58) (D 58,59,59) (D 59,51,51) (D 51,60,60) (D 60,59,59) (D 59,60,60) (D 60,59,59) (D 59,60,60) (D 60,59,59) (D 59,58,58) (D 58,51,51) (D 51,42,42)
0 1 4 5 2594 1616 8 (D 1,49,49) (D 1,49,49) (D 49,50,50) (D 50,57,57) (D 57,58,58) (D 58,57,57) (D 57,58,58)
0 1 5 5 2675 1562 12 (D 1,40,40) (D 1,40,40) (D 40,41,41) (D 41,50,50) (D 50,51,51) (D 51,42,42) (D 42,51,51) (D 51,50,50) (D 50,59,59) (D 59,50,50) (D 50,41,41)
0 1 6 4 2463 1577 7 (D 1,33,33) (D 1,33,33) (D 33,41,41) (D 41,42,42) (D 42,41,41) (D 41,42,42)
0 1 7 5 2829 1566 12 (D 1,49,49) (D 1,49,49) (D 49,50,50) (D 50,33,33) (D 33,42,42) (D 42,41,41) (D 41,50,50) (D 50,33,33) (D 33,24,24) (D 24,33,33) (D 33,32,32)
0 1 8 4 2498 1572 10 (D 1,32,32) (D 1,32,32) (D 32,41,41) (D 41,40,40) (D 40,49,49) (D 49,48,48) (D 48,49,49) (D 49,48,48) (D 48,39,39)
0 1 9 4 2438 1483 9 (D 1,16,16) (D 1,16,16) (D 16,22,22) (D 22,23,23) (D 23,24,24) (D 24,16,16) (D 16,24,24) (D 24,23,23)
0 1 10 5 2707 1584 12 (D 1,55,55) (D 1,55,55) (D 55,56,56) (D 56,48,48) (D 48,57,57) (D 57,56,56) (D 56,57,57) (D 57,56,56) (D 56,55,55) (D 55,39,39) (D 39,29,29)
0 1 11 7 2580 1593 11 (D 1,53,53) (D 1,53,53) (D 53,47,47) (D 47,48,48) (D 48,55,55) (D 55,56,56) (D 56,47,47) (D 47,48,48) (D 48,39,39) (D 39,40,40)
0 1 12 5 2773 1609 12 (D 1,22,22) (D 1,22,22) (D 22,31,31) (D 31,25,25) (D 25,31,31) (D 31,16,16) (D 16,24,24) (D 24,32,32) (D 32,31,31) (D 31,32,32) (D 32,33,33)
0 1 13 6 2609 1500 13 (D 1,7,7) (D 1,7,7) (D 7,16,16) (D 16,15,15) (D 15,23,23) (D 23,24,24) (D 24,23,23) (D 23,32,32) (D 32,23,23) (D 23,15,15) (D 15,23,23) (D 23,24,24)
0 1 14 5 2472 1596 10 (D 1,31,31) (D 1,31,31) (D 31,40,40) (D 40,39,39) (D 39,40,40) (D 40,39,39) (D 39,48,48) (D 48,30,30) (D 30,31,31)
0 1 15 6 2681 1538 13 (D 1,29,29) (D 1,29,29) (D 29,43,43) (D 43,44,44) (D 44,38,38) (D 38,44,44) (D 44,29,29) (D 29,39,39) (D 39,38,38) (D 38,37,37) (D 37,38,38) (D 38,39,39)
0 1 16 5 2473 1604 12 (D 1,45,45) (D 1,45,45) (D 45,52,52) (D 52,43,43) (D 43,46,46) (D 46,54,54) (D 54,55,55) (D 55,46,46) (D 46,53,53) (D 53,46,46) (D 46,43,43)
0 1 17 7 2476 1587 14 (D 1,25,25) (D 1,25,25) (D 25,30,30) (D 30,31,31) (D 31,32,32) (D 32,31,31) (D 31,22,22) (D 22,31,31) (D 31,32,32) (D 32,30,30) (D 30,29,29) (D 29,25,25) (D 25,20,20)
0 1 18 4 2228 1535 8 (D 1,43,43) (D 1,43,43) (D 43,38,38) (D 38,44,44) (D 44,47,47) (D 47,46,46) (D 46,47,47)
0 1 19 6 2544 1562 12 (D 1,36,36) (D 1,36,36) (D 36,45,45) (D 45,46,46) (D 46,44,44) (D 44,52,52) (D 52,53,53) (D 53,47,47) (D 47,56,56) (D 56,53,53) (D 53,55,55)
0 1 20 4 2563 1583 10 (D 1,14,14) (D 1,14,14) (D 14,22,22) (D 22,6,6) (D 6,7,7) (D 7,15,15) (D 15,16,16) (D 16,6,6) (D 6,15,15)
0 1 21 4 2095 1537 7 (D 1,14,14) (D 1,14,14) (D 14,6,6) (D 6,15,15) (D 15,14,14) (D 14,5,5)
0 1 22 3 2051 1437 8 (D 1,34,34) (D 1,34,34) (D 34,35,35) (D 35,28,28) (D 28,38,38) (D 38,37,37) (D 37,43,43)
0 1 23 4 2150 1563 8 (D 1,13,13) (D 1,13,13) (D 13,14,14) (D 14,21,21) (D 21,22,22) (D 22,21,21) (D 21,22,22)
0 1 24 5 2092 1598 9 (D 1,36,36) (D 1,36,36) (D 36,35,35) (D 35,37,37) (D 37,35,35) (D 35,37,37) (D 37,35,35) (D 35,27,27)
0 1 25 4 2203 1495 9 (D 1,5,5) (D 1,5,5) (D 5,6,6) (D 6,5,5) (D 5,14,14) (D 14,5,5) (D 5,14,14) (D 14,15,15)
0 1 26 4 2342 1615 9 (D 1,20,20) (D 1,20,20) (D 20,28,28) (D 28,37,37) (D 37,36,36) (D 36,37,37) (D 37,36,36) (D 36,34,34)
0 1 27 8 2539 1530 16 (D 1,12,12) (D 1,12,12) (D 12,19,19) (D 19,27,27) (D 27,28,28) (D 28,20,20) (D 20,21,21) (D 21,20,20) (D 20,25,25) (D 25,29,29) (D 29,19,19) (D 19,29,29) (D 29,30,30) (D 30,27,27) (D 27,18,18)
0 1 28 6 2144 1518 10 (D 1,34,34) (D 1,34,34) (D 34,45,45) (D 45,52,52) (D 52,54,54) (D 54,52,52) (D 52,54,54) (D 54,45,45) (D 45,46,46)
0 1 29 5 2461 1588 12 (D 1,11,11) (D 1,11,11) (D 11,18,18) (D 18,4,4) (D 4,13,13) (D 13,19,19) (D 19,28,28) (D 28,27,27) (D 27,28,28) (D 28,27,27) (D 27,26,26)
0 1 30 4 2296 1551 10 (D 1,18,18) (D 1,18,18) (D 18,26,26) (D 26,28,28) (D 28,29,29) (D 29,20,20) (D 20,29,29) (D 29,25,25) (D 25,21,21)
0 1 31 4 2191 1547 8 (D 1,4,4) (D 1,4,4) (D 4,5,5) (D 5,13,13) (D 13,19,19) (D 19,13,13) (D 13,19,19)
0 1 32 5 2320 1602 10 (D 1,18,18) (D 1,18,18) (D 18,4,4) (D 4,13,13) (D 13,20,20) (D 20,19,19) (D 19,20,20) (D 20,3,3) (D 3,2,2)
0 1 33 5 2086 1485 10 (D 1,17,17) (D 1,17,17) (D 17,26,26) (D 26,34,34) (D 34,36,36) (D 36,18,18) (D 18,19,19) (D 19,17,17) (D 17,11,11)
0 1 34 3 1733 1300 8 (D 1,10,10) (D 1,10,10) (D 10,17,17) (D 17,26,26) (D 26,34,34) (D 34,26,26) (D 26,27,27)
0 1 35 5 2185 1602 12 (D 1,10,10) (D 1,10,10) (D 10,11,11) (D 11,9,9) (D 9,11,11) (D 11,2,2) (D 2,3,3) (D 3,12,12) (D 12,13,13) (D 13,12,12) (D 12,3,3)
0 1 36 6 2101 1567 10 (D 1,10,10) (D 1,10,10) (D 10,11,11) (D 11,3,3) (D 3,12,12) (D 12,3,3) (D 3,4,4) (D 4,3,3) (D 3,12,12)
0 1 37 4 1474 1280 6 (D 1,8,8) (D 1,8,8) (D 8,2,2) (D 2,9,9) (D 9,2,2)
0 1 38 3 1980 1468 8 (D 1,2,2) (D 1,2,2) (D 2,9,9) (D 9,17,17) (D 17,26,26) (D 26,8,8) (D 8,10,10)
