24661
12
9273
9273
0 1 1 5 2519 1538 12 (D 1,10,10) (S 22,10,15) (S 37,20,27) (S 39,22,29) (S 45,28,29) (S 50,26,25) (D 25,1,1)
0 1 2 4 2194 1495 10 (D 1,9,9) (S 21,9,14) (S 36,20,21) (S 29,15,22) (S 49,21,17) (D 17,1,1)
0 1 3 5 2107 1428 12 (D 1,12,12) (S 25,12,16) (S 31,16,19) (S 34,19,20) (S 40,23,24) (S 35,19,24) (S 42,24,26) (S 43,26,27) (D 27,1,1)
0 1 4 3 1865 1328 8 (D 1,13,13) (S 27,13,17) (S 30,16,17) (S 31,16,19) (D 19,1,1)
0 1 5 5 1873 1390 10 (D 1,8,8) (S 19,8,9) (S 21,9,14) (S 28,14,15) (S 28,14,15) (S 26,13,14) (D 14,1,1)
0 1 6 4 2144 1528 10 (D 1,11,11) (S 2,1,11) (S 47,11,12) (S 32,18,19) (S 33,18,23) (S 48,12,7) (D 7,1,1)
0 1 7 6 2343 1515 14 (D 1,3,3) (S 1,1,3) (S 11,3,4) (S 18,7,8) (S 12,3,8) (S 15,5,10) (S 20,9,10) (S 46,8,13) (D 13,1,1)
0 1 8 6 2370 1532 11 (D 1,11,11) (S 2,1,11) (S 42,24,26) (S 38,21,28) (S 44,27,28) (D 28,1,1)
0 1 9 4 2218 1526 9 (D 1,3,3) (S 1,1,3) (S 23,11,18) (S 33,18,23) (S 41,23,25) (S 24,12,13) (D 13,1,1)
0 1 10 3 1969 1505 8 (D 1,2,2) (S 7,1,2) (S 10,2,7) (S 13,4,5) (S 14,4,9) (D 9,1,1)
0 1 11 3 1652 1143 8 (D 1,2,2) (S 7,1,2) (S 9,2,3) (S 16,6,7) (S 17,6,11) (D 11,1,1)
0 1 12 2 1407 1165 4 (D 1,2,2) (S 7,1,2) (D 6,1,1)
