496
6
2677
2677
0 1 1 1 1 1 4 (D 1,4,4) (S 2,1,4) (S 11,4,12) (D 12,1,1)
0 1 2 5 125 5 11 (D 1,5,5) (S 3,1,5) (S 14,5,11) (S 9,9,11) (S 12,8,11) (S 24,8,10) (D 10,1,1)
0 1 3 5 131 5 11 (D 1,5,5) (S 3,1,5) (S 8,3,4) (S 18,3,5) (S 13,2,3) (S 18,3,5) (S 23,5,12) (D 12,1,1)
0 1 4 4 69 5 8 (D 1,10,10) (S 16,1,10) (S 17,10,11) (S 19,2,9) (S 19,2,9) (D 9,1,1)
0 1 5 5 55 5 9 (D 1,6,6) (S 4,1,6) (S 7,6,12) (S 15,7,12) (D 7,1,1)
0 1 6 5 115 5 10 (D 1,4,4) (S 2,1,4) (S 21,7,10) (S 25,9,10) (S 22,6,8) (D 12,1,1)
