17597
8
9517
9517
0 1 1 1 355 318 4 (D 1,7,7) (S 21,7,2) (D 2,1,1)
0 1 2 7 2553 1740 14 (D 1,15,15) (S 7,1,15) (S 37,15,16) (S 32,13,14) (S 41,17,14) (S 48,21,20) (S 34,14,10) (D 10,1,1)
0 1 3 6 2439 1747 12 (D 1,15,15) (S 7,1,15) (S 38,15,19) (S 40,16,17) (S 47,20,19) (S 44,19,15) (S 36,15,12) (S 38,15,19) (D 19,1,1)
0 1 4 6 2442 1755 12 (D 1,3,3) (S 15,3,8) (S 24,8,13) (S 33,13,16) (S 35,14,13) (S 33,13,16) (S 39,16,15) (D 15,1,1)
0 1 5 9 2838 1744 19 (D 1,11,11) (S 6,1,11) (S 28,11,12) (S 19,5,10) (S 27,10,9) (S 25,9,8) (S 24,8,13) (S 31,13,12) (S 33,13,16) (S 44,19,15) (S 38,15,19) (S 45,19,18) (S 43,18,19) (S 46,19,20) (D 20,1,1)
0 1 6 6 2030 1498 12 (D 1,4,4) (S 2,1,4) (S 17,4,5) (S 19,5,10) (S 26,10,5) (S 19,5,10) (S 27,10,9) (S 16,4,3) (S 14,3,4) (S 17,4,5) (D 5,1,1)
0 1 7 7 2482 1579 15 (D 1,2,2) (S 1,1,2) (S 13,2,6) (S 28,11,12) (S 29,12,7) (S 22,7,12) (S 30,12,11) (S 42,18,11) (S 43,18,19) (S 20,6,2) (D 2,1,1)
0 1 8 6 2458 1775 13 (D 1,2,2) (S 1,1,2) (S 12,2,1) (S 1,1,2) (S 22,7,12) (S 14,3,4) (S 17,4,5) (S 18,5,4) (S 23,8,7) (D 7,1,1)
