324
7
3072
3072
0 1 1 1 8 8 4 (D 1,2,2) (S 1,1,2) (S 22,2,4) (D 4,1,1)
0 1 2 5 58 24 10 (D 1,6,6) (S 3,1,6) (S 12,6,9) (S 12,6,9) (S 15,6,11) (S 17,6,10) (D 10,1,1)
0 1 3 3 40 27 7 (D 1,2,2) (S 1,1,2) (S 10,3,11) (S 16,3,10) (D 10,1,1)
0 1 4 6 76 26 12 (D 1,3,3) (S 2,1,3) (S 18,2,9) (S 11,4,9) (S 19,4,7) (S 23,2,6) (D 6,1,1)
0 1 5 6 65 26 11 (D 1,7,7) (S 4,1,7) (S 8,5,7) (S 8,5,7) (S 20,7,8) (S 28,7,9) (D 3,1,1)
0 1 6 4 40 20 8 (D 1,8,8) (S 5,1,8) (S 13,8,10) (S 13,8,10) (S 14,9,10) (D 10,1,1)
0 1 7 3 37 23 6 (D 1,2,2) (S 1,1,2) (S 22,2,4) (S 26,4,8) (D 11,1,1)
