16528
15
94268
94268
0 1 1 4 1314 189 9 (D 1,34,34) (S 13,1,34) (S 55,32,33) (S 56,32,34) (S 57,32,35) (D 35,1,1)
0 1 2 5 1353 190 11 (D 1,37,37) (S 16,1,37) (S 54,31,32) (S 55,32,33) (S 58,33,36) (S 59,33,37) (S 63,35,39) (D 39,1,1)
0 1 3 10 1330 185 20 (D 1,13,13) (S 5,1,13) (S 33,13,14) (S 35,15,17) (S 36,15,18) (S 104,15,77) (S 34,13,77) (S 32,13,16) (S 97,71,72) (S 98,71,73) (D 73,1,1)
0 1 4 7 1397 185 15 (D 1,73,73) (S 19,1,73) (S 96,70,71) (S 98,71,73) (S 100,73,74) (S 99,72,73) (S 37,18,19) (S 39,18,20) (S 38,19,20) (D 20,1,1)
0 1 5 11 1305 189 21 (D 1,31,31) (S 2,1,31) (S 52,30,31) (S 47,23,26) (S 46,25,26) (S 48,26,27) (S 48,26,27) (S 49,26,28) (S 50,28,29) (S 50,28,29) (S 53,23,31) (S 106,21,51) (D 51,1,1)
0 1 6 12 1185 190 24 (D 1,52,52) (S 76,52,53) (S 75,51,53) (S 42,22,75) (S 44,24,25) (S 45,25,75) (S 51,25,29) (S 102,23,75) (S 45,25,75) (S 78,24,53) (S 43,22,24) (S 77,52,54) (D 54,1,1)
0 1 7 5 1123 184 10 (D 1,76,76) (S 11,1,76) (S 101,18,72) (S 103,20,76) (S 31,12,16) (D 16,1,1)
0 1 8 11 1036 187 22 (D 1,45,45) (S 67,45,46) (S 69,46,47) (S 71,47,49) (S 73,49,51) (S 41,21,22) (S 40,19,21) (S 74,50,52) (S 79,19,50) (S 72,49,50) (S 73,49,51) (S 70,47,48) (D 48,1,1)
0 1 9 4 1036 182 10 (D 1,58,58) (S 85,58,60) (S 82,57,58) (S 85,58,60) (S 86,60,61) (S 93,58,69) (D 69,1,1)
0 1 10 11 1063 190 21 (D 1,42,42) (S 3,1,42) (S 62,39,40) (S 60,37,38) (S 61,37,39) (S 64,35,41) (S 81,42,57) (S 80,55,56) (S 68,44,46) (S 94,59,69) (D 69,1,1)
0 1 11 5 1043 176 12 (D 1,43,43) (S 17,1,43) (S 65,43,44) (S 83,58,59) (S 66,44,45) (S 67,45,46) (S 69,46,47) (S 107,44,59) (D 59,1,1)
0 1 12 5 914 183 12 (D 1,7,7) (S 27,7,8) (S 28,8,9) (S 29,9,10) (S 30,11,12) (S 105,76,77) (S 84,11,59) (D 59,1,1)
0 1 13 5 801 181 10 (D 1,2,2) (S 14,1,2) (S 23,2,4) (S 24,4,5) (S 24,4,5) (S 95,4,69) (D 2,1,1)
0 1 14 8 1158 186 17 (D 1,62,62) (S 88,62,63) (S 90,63,65) (S 89,63,64) (S 90,63,65) (S 91,62,66) (S 87,60,62) (S 91,62,66) (S 92,66,68) (S 22,2,3) (D 3,1,1)
0 1 15 4 470 72 9 (D 1,2,2) (S 14,1,2) (S 25,5,6) (S 26,5,7) (S 27,7,8) (S 28,8,9) (D 9,1,1)
