43187
24
34475
34475
0 1 1 1 601 580 4 (D 1,10,10) (S 11,1,10) (S 23,10,17) (D 17,1,1)
0 1 2 1 641 624 4 (D 1,17,17) (S 2,1,17) (S 33,17,29) (D 29,1,1)
0 1 3 6 2356 1469 14 (D 1,9,9) (S 21,9,16) (S 49,27,28) (S 31,16,28) (S 76,40,53) (S 77,41,53) (S 85,52,53) (D 53,1,1)
0 1 4 5 2116 1331 12 (D 1,26,26) (S 47,26,27) (S 30,15,16) (S 31,16,28) (S 51,28,41) (S 74,40,41) (S 75,40,52) (D 52,1,1)
0 1 5 5 2128 1409 12 (D 1,38,38) (S 71,38,51) (S 50,27,40) (S 72,39,40) (S 73,39,51) (S 98,50,49) (D 49,1,1)
0 1 6 5 2162 1420 12 (D 1,7,7) (S 20,7,25) (S 67,37,38) (S 48,26,39) (S 69,38,39) (S 70,38,50) (D 50,1,1)
0 1 7 2 1691 1274 6 (D 1,22,22) (S 41,22,36) (S 43,23,36) (D 36,1,1)
0 1 8 4 1990 1438 9 (D 1,35,35) (S 7,1,35) (S 68,37,49) (S 66,36,49) (S 82,48,49) (D 49,1,1)
0 1 9 4 1826 1339 9 (D 1,23,23) (S 42,23,24) (S 92,25,24) (S 44,24,37) (S 93,35,22) (D 22,1,1)
0 1 10 6 2133 1427 14 (D 1,21,21) (S 91,21,22) (S 41,22,36) (S 65,36,48) (S 46,25,38) (S 45,24,38) (S 70,38,50) (S 83,50,51) (S 92,25,24) (D 24,1,1)
0 1 11 6 2214 1405 14 (D 1,44,44) (S 80,44,45) (S 63,35,36) (S 81,46,47) (S 64,36,37) (S 96,47,48) (S 82,48,49) (S 97,49,50) (D 50,1,1)
0 1 12 4 2126 1468 9 (D 1,22,22) (S 40,22,23) (S 19,6,7) (S 86,7,8) (S 87,9,8) (D 8,1,1)
0 1 13 5 2097 1474 10 (D 1,20,20) (S 90,20,21) (S 73,39,51) (S 84,51,52) (S 94,40,26) (D 26,1,1)
0 1 14 4 1882 1377 9 (D 1,33,33) (S 6,1,33) (S 29,14,22) (S 61,34,35) (S 62,34,46) (D 46,1,1)
0 1 15 3 1819 1383 8 (D 1,20,20) (S 37,20,32) (S 28,13,20) (S 38,20,33) (S 60,33,45) (D 45,1,1)
0 1 16 3 1753 1406 8 (D 1,20,20) (S 38,20,33) (S 57,32,33) (S 58,32,44) (D 44,1,1)
0 1 17 3 1756 1341 8 (D 1,3,3) (S 14,3,4) (S 16,4,5) (S 17,5,6) (S 18,5,14) (D 14,1,1)
0 1 18 4 1868 1455 10 (D 1,29,29) (S 4,1,29) (S 52,29,30) (S 53,29,42) (S 56,31,44) (S 79,43,44) (D 44,1,1)
0 1 19 7 1987 1401 14 (D 1,18,18) (S 34,18,19) (S 35,19,20) (S 38,20,33) (S 59,33,34) (S 39,21,34) (S 95,46,45) (D 45,1,1)
0 1 20 5 1629 1259 12 (D 1,11,11) (S 12,1,11) (S 24,11,18) (S 34,18,19) (S 36,19,31) (S 54,30,31) (S 55,30,43) (S 78,42,43) (D 43,1,1)
0 1 21 4 1625 1284 10 (D 1,11,11) (S 12,1,11) (S 25,11,19) (S 26,12,13) (S 27,12,19) (S 89,12,11) (D 11,1,1)
0 1 22 4 1869 1356 10 (D 1,3,3) (S 15,3,12) (S 13,2,3) (S 14,3,4) (S 16,4,5) (S 17,5,6) (S 19,6,7) (D 7,1,1)
0 1 23 5 1594 1351 9 (D 1,17,17) (S 2,1,17) (S 33,17,29) (S 32,17,18) (S 88,11,2) (D 10,1,1)
0 1 24 2 1324 1186 5 (D 1,11,11) (S 12,1,11) (S 22,10,11) (D 11,1,1)
