40640
17
55234
55234
0 1 1 1 393 393 3 (D 1,2,2) (S 1,1,2) (D 2,1,1)
0 1 2 1 228 209 3 (D 1,2,2) (S 1,1,2) (D 2,1,1)
0 1 3 8 3320 1797 15 (D 1,48,48) (S 39,1,48) (S 104,46,47) (S 106,47,46) (S 103,46,34) (S 104,46,47) (S 107,48,47) (S 108,48,49) (S 93,34,33) (D 33,1,1)
0 1 4 7 3034 1817 14 (D 1,21,21) (S 17,1,21) (S 76,21,27) (S 86,27,21) (S 73,21,4) (S 74,21,5) (S 75,21,20) (S 76,21,27) (S 42,27,33) (S 92,33,40) (D 40,1,1)
0 1 5 8 2919 1796 15 (D 1,39,39) (S 32,1,39) (S 62,13,22) (S 42,27,33) (S 77,22,21) (S 76,21,27) (S 86,27,21) (S 97,39,32) (D 32,1,1)
0 1 6 6 2545 1650 12 (D 1,16,16) (S 12,1,16) (S 66,16,15) (S 65,15,24) (S 81,24,25) (S 82,24,36) (S 65,15,24) (S 81,24,25) (S 83,25,16) (D 16,1,1)
0 1 7 12 3484 1798 22 (D 1,8,8) (S 55,8,16) (S 80,23,24) (S 95,36,35) (S 96,36,48) (S 107,48,47) (S 105,47,35) (S 106,47,46) (S 84,26,16) (S 68,16,26) (S 85,26,17) (D 17,1,1)
0 1 8 7 2576 1797 12 (D 1,9,9) (S 6,1,9) (S 57,9,17) (S 56,9,8) (S 54,8,9) (S 57,9,17) (S 81,24,25) (S 54,8,9) (D 9,1,1)
0 1 9 5 2334 1763 10 (D 1,14,14) (S 10,1,14) (S 64,14,23) (S 61,13,5) (S 63,14,13) (S 64,14,23) (D 23,1,1)
0 1 10 7 2816 1789 13 (D 1,32,32) (S 26,1,32) (S 100,43,44) (S 101,44,39) (S 102,44,45) (S 100,43,44) (S 88,30,42) (D 42,1,1)
0 1 11 8 2628 1797 14 (D 1,31,31) (S 89,31,32) (S 94,34,35) (S 94,34,35) (S 78,23,14) (S 72,20,19) (D 19,1,1)
0 1 12 8 2672 1744 17 (D 1,19,19) (S 15,1,19) (S 70,19,20) (S 90,31,38) (S 91,32,39) (S 43,38,39) (S 44,40,45) (S 98,39,40) (S 99,43,42) (D 42,1,1)
0 1 13 5 1988 1633 9 (D 1,18,18) (S 14,1,18) (S 70,19,20) (S 72,20,19) (S 69,19,11) (S 71,20,12) (D 12,1,1)
0 1 14 6 2504 1787 11 (D 1,12,12) (S 9,1,12) (S 59,10,18) (S 87,29,30) (S 58,10,1) (D 1,1,1)
0 1 15 7 2478 1696 16 (D 1,3,3) (S 2,1,3) (S 48,3,4) (S 53,7,16) (S 51,6,14) (S 64,14,23) (S 41,23,35) (S 79,23,22) (S 49,3,12) (S 60,11,10) (D 10,1,1)
0 1 16 6 2196 1715 9 (D 1,3,3) (S 2,1,3) (S 48,3,4) (S 50,4,3) (D 11,1,1)
0 1 17 6 2525 1717 14 (D 1,2,2) (S 1,1,2) (S 47,2,11) (S 46,2,3) (S 52,7,8) (S 55,8,16) (S 66,16,15) (S 67,16,25) (S 83,25,16) (S 68,16,26) (D 26,1,1)
