58231
21
156816
156816
0 1 1 9 3261 1964 18 (D 1,59,59) (S 39,1,59) (S 133,52,43) (S 134,52,51) (S 62,66,67) (S 156,65,57) (S 157,65,64) (S 158,65,72) (S 159,66,65) (D 65,1,1)
0 1 2 8 2981 1988 15 (D 1,63,63) (S 43,1,63) (S 153,63,70) (S 152,62,69) (S 150,61,68) (S 160,68,69) (S 149,61,53) (S 160,68,69) (S 162,69,70) (S 163,70,71) (D 71,1,1)
0 1 3 13 3479 1989 23 (D 1,65,65) (S 45,1,65) (S 158,65,72) (S 165,72,73) (S 167,73,74) (S 168,74,67) (S 166,73,66) (S 167,73,74) (S 147,60,45) (S 125,45,60) (S 148,60,59) (S 165,72,73) (S 146,59,52) (S 134,52,51) (S 132,51,50) (D 50,1,1)
0 1 4 6 2759 1982 10 (D 1,45,45) (S 27,1,45) (S 125,45,60) (S 142,57,58) (S 141,57,50) (S 143,58,51) (D 51,1,1)
0 1 5 9 2934 1957 17 (D 1,36,36) (S 23,1,36) (S 122,43,44) (S 124,44,45) (S 125,45,60) (S 119,43,33) (S 106,33,43) (S 120,43,34) (S 121,43,42) (S 117,42,43) (S 122,43,44) (S 123,44,35) (S 108,35,34) (D 34,1,1)
0 1 6 8 2931 1977 14 (D 1,33,33) (S 20,1,33) (S 132,51,50) (S 131,50,41) (S 137,55,54) (S 136,54,55) (S 138,55,63) (S 103,33,23) (D 23,1,1)
0 1 7 8 3033 1986 18 (D 1,34,34) (S 21,1,34) (S 107,34,33) (S 58,33,42) (S 117,42,43) (S 119,43,33) (S 106,33,43) (S 122,43,44) (S 123,44,35) (S 124,44,45) (S 118,42,51) (S 128,48,55) (S 140,56,57) (D 57,1,1)
0 1 8 8 3127 1960 16 (D 1,26,26) (S 16,1,26) (S 109,36,35) (S 110,36,45) (S 95,26,17) (S 96,26,35) (S 97,27,18) (S 82,17,8) (D 8,1,1)
0 1 9 8 2851 1936 16 (D 1,34,34) (S 21,1,34) (S 58,33,42) (S 102,32,23) (S 104,33,24) (S 105,33,32) (S 92,24,25) (S 83,17,16) (D 16,1,1)
0 1 10 10 3121 1972 19 (D 1,25,25) (S 15,1,25) (S 112,39,40) (S 113,40,31) (S 57,29,30) (S 98,28,19) (S 99,29,20) (S 101,30,21) (S 93,25,26) (S 95,26,17) (S 84,17,18) (D 18,1,1)
0 1 11 11 3154 1962 21 (D 1,64,64) (S 44,1,64) (S 155,64,70) (S 144,58,59) (S 145,58,66) (S 164,71,64) (S 154,64,56) (S 155,64,70) (S 163,70,71) (S 164,71,64) (S 142,57,58) (S 130,49,56) (S 89,22,13) (D 13,1,1)
0 1 12 9 2999 1976 18 (D 1,49,49) (S 31,1,49) (S 114,40,41) (S 131,50,41) (S 115,41,32) (S 116,41,42) (S 61,49,50) (S 129,49,48) (S 139,56,49) (S 76,13,12) (D 12,1,1)
0 1 13 10 2814 1970 18 (D 1,15,15) (S 11,1,15) (S 71,7,16) (S 82,17,8) (S 72,8,9) (S 81,16,15) (S 94,25,34) (S 79,15,6) (S 69,6,15) (S 80,15,14) (D 14,1,1)
0 1 14 7 2739 1957 14 (D 1,63,63) (S 43,1,63) (S 150,61,68) (S 160,68,69) (S 161,69,62) (S 152,62,69) (S 162,69,70) (S 151,62,54) (S 88,21,22) (D 22,1,1)
0 1 15 8 2890 1987 15 (D 1,46,46) (S 28,1,46) (S 127,46,53) (S 135,54,47) (S 136,54,55) (S 59,37,38) (S 86,19,20) (D 20,1,1)
0 1 16 9 2853 1939 17 (D 1,7,7) (S 6,1,7) (S 77,13,14) (S 69,6,15) (S 77,13,14) (S 78,14,13) (S 90,22,23) (S 68,6,7) (S 56,11,12) (D 12,1,1)
0 1 17 6 2535 1942 11 (D 1,4,4) (S 3,1,4) (S 66,4,5) (S 67,5,6) (S 68,6,7) (S 70,7,8) (S 67,5,6) (S 66,4,5) (D 5,1,1)
0 1 18 7 2677 1981 15 (D 1,29,29) (S 100,29,38) (S 111,39,31) (S 112,39,40) (S 60,47,48) (S 126,46,37) (S 74,11,10) (D 10,1,1)
0 1 19 2 678 493 6 (D 1,3,3) (S 2,1,3) (S 55,3,4) (S 65,3,12) (D 12,1,1)
0 1 20 7 2587 1921 15 (D 1,2,2) (S 1,1,2) (S 64,2,3) (S 73,10,19) (S 86,19,20) (S 87,20,19) (S 75,11,20) (S 91,23,24) (S 85,19,10) (D 10,1,1)
0 1 21 5 1828 1621 7 (D 1,2,2) (S 1,1,2) (S 64,2,3) (S 65,3,12) (D 2,1,1)
