361
8
5020
5020
0 1 1 4 45 27 9 (D 1,4,4) (S 3,1,4) (S 7,2,7) (S 27,7,9) (S 9,9,10) (S 11,2,3) (D 3,1,1)
0 1 2 4 38 27 7 (D 1,2,2) (S 1,1,2) (S 15,4,10) (D 10,1,1)
0 1 3 5 56 24 12 (D 1,8,8) (S 25,1,8) (S 16,8,9) (S 18,4,6) (S 19,4,9) (S 32,6,9) (S 38,4,7) (D 7,1,1)
0 1 4 2 28 24 4 (D 1,3,3) (S 2,1,3) (S 23,3,10) (D 10,1,1)
0 1 5 9 65 26 17 (D 1,5,5) (S 4,1,5) (S 22,5,8) (S 21,3,4) (S 30,2,8) (S 32,6,9) (S 33,9,11) (S 35,2,9) (S 36,2,11) (D 7,1,1)
0 1 6 6 44 26 11 (D 1,4,4) (S 3,1,4) (S 12,4,8) (S 14,5,7) (S 20,7,11) (S 27,7,9) (D 5,1,1)
0 1 7 4 49 27 8 (D 1,5,5) (S 4,1,5) (S 22,5,8) (S 13,6,8) (S 28,5,11) (D 11,1,1)
0 1 8 4 36 24 9 (D 1,3,3) (S 2,1,3) (S 17,3,11) (S 20,7,11) (S 23,3,10) (D 3,1,1)
