27657
12
23796
23796
0 1 1 8 2646 1680 15 (D 1,30,30) (S 15,1,30) (S 78,31,25) (S 70,25,19) (S 64,19,25) (S 71,25,24) (S 77,30,31) (S 62,19,12) (S 48,12,19) (S 63,19,18) (D 18,1,1)
0 1 2 8 2954 1649 18 (D 1,12,12) (S 3,1,12) (S 48,12,19) (S 68,23,24) (S 21,18,24) (S 24,29,30) (S 69,24,25) (S 70,25,19) (S 64,19,25) (S 78,31,25) (S 79,31,30) (D 30,1,1)
0 1 3 7 2407 1683 14 (D 1,13,13) (S 19,13,19) (S 62,19,12) (S 48,12,19) (S 62,19,12) (S 46,12,11) (S 47,12,13) (S 45,11,10) (S 61,18,19) (D 19,1,1)
0 1 4 7 2405 1685 14 (D 1,27,27) (S 74,27,29) (S 76,29,28) (S 75,28,29) (S 76,29,28) (S 75,28,29) (S 72,26,27) (S 66,21,20) (S 65,20,15) (S 53,15,14) (D 14,1,1)
0 1 5 6 2131 1659 11 (D 1,10,10) (S 2,1,10) (S 49,13,12) (S 60,18,10) (S 43,10,17) (S 58,17,10) (D 10,1,1)
0 1 6 5 2131 1625 12 (D 1,4,4) (S 17,4,10) (S 31,5,6) (S 18,11,18) (S 44,11,5) (S 41,10,3) (D 3,1,1)
0 1 7 7 2295 1705 15 (D 1,16,16) (S 5,1,16) (S 20,16,23) (S 55,15,20) (S 22,20,22) (S 22,20,22) (S 65,20,15) (S 54,15,16) (S 57,16,15) (S 39,9,3) (D 3,1,1)
0 1 8 6 2058 1545 14 (D 1,8,8) (S 38,8,9) (S 42,10,11) (S 45,11,10) (S 43,10,17) (S 54,15,16) (S 56,16,9) (S 40,9,16) (S 59,17,18) (D 18,1,1)
0 1 9 7 2044 1651 13 (D 1,2,2) (S 25,1,2) (S 28,2,8) (S 67,22,21) (S 56,16,9) (S 37,8,7) (D 7,1,1)
0 1 10 6 2358 1644 14 (D 1,14,14) (S 4,1,14) (S 51,14,15) (S 23,21,26) (S 72,26,27) (S 73,27,23) (S 76,29,28) (S 35,8,2) (S 28,2,8) (S 36,8,3) (D 3,1,1)
0 1 11 7 2152 1548 15 (D 1,2,2) (S 25,1,2) (S 27,2,3) (S 29,3,8) (S 35,8,2) (S 27,2,3) (S 30,4,5) (S 31,5,6) (S 32,6,5) (S 33,7,1) (S 34,7,14) (D 14,1,1)
0 1 12 5 2076 1691 10 (D 1,14,14) (S 4,1,14) (S 52,14,21) (S 50,14,8) (S 52,14,21) (S 26,2,1) (D 1,1,1)
