1481
6
4985
4985
0 1 1 5 271 5 11 (D 1,6,6) (S 3,1,6) (S 21,6,12) (S 19,5,12) (S 21,6,12) (S 9,12,1) (S 26,12,11) (D 11,1,1)
0 1 2 5 241 5 11 (D 1,3,3) (S 2,1,3) (S 18,11,5) (S 14,3,5) (S 17,5,6) (S 20,6,7) (S 17,5,6) (D 6,1,1)
0 1 3 5 257 5 11 (D 1,4,4) (S 6,1,4) (S 16,4,11) (S 15,11,3) (S 13,3,4) (S 16,4,11) (S 10,2,3) (S 23,7,12) (D 12,1,1)
0 1 4 5 238 5 9 (D 1,2,2) (S 4,1,2) (S 11,2,4) (S 15,11,3) (S 13,3,4) (D 7,1,1)
0 1 5 5 293 5 12 (D 1,10,10) (S 29,1,10) (S 8,10,1) (S 12,9,2) (S 22,8,7) (S 24,8,10) (S 28,10,9) (S 25,9,10) (D 10,1,1)
0 1 6 4 181 4 8 (D 1,2,2) (S 4,1,2) (S 27,10,8) (S 24,8,10) (S 28,10,9) (S 25,9,10) (D 10,1,1)
