51145
20
86946
86946
0 1 1 1 498 498 3 (D 86,85,85) (S 45,86,85) (D 85,86,86)
0 1 2 6 2589 1832 9 (D 86,32,32) (S 16,86,32) (S 101,69,56) (D 56,86,86)
0 1 3 8 3081 1856 14 (D 86,127,127) (S 67,86,127) (S 128,127,128) (S 123,116,129) (S 129,129,128) (S 133,138,128) (D 128,86,86)
0 1 4 6 2913 1852 9 (D 86,2,2) (S 1,86,2) (S 82,4,5) (D 5,86,86)
0 1 5 7 2967 1861 15 (D 86,20,20) (S 10,86,20) (S 83,12,21) (S 86,19,18) (S 87,20,11) (S 91,42,41) (S 94,53,52) (S 88,27,28) (D 28,86,86)
0 1 6 9 2983 1849 16 (D 86,135,135) (S 71,86,135) (S 125,123,111) (S 140,145,144) (S 138,142,141) (S 136,141,131) (S 137,142,132) (S 138,142,141) (D 141,86,86)
0 1 7 6 2969 1867 12 (D 86,114,114) (S 58,86,114) (S 118,104,115) (S 113,93,106) (S 124,117,106) (S 110,90,78) (D 78,86,86)
0 1 8 8 2634 1861 13 (D 86,30,30) (S 15,86,30) (S 106,81,80) (S 112,93,82) (S 105,77,76) (D 76,86,86)
0 1 9 8 2593 1854 11 (D 86,6,6) (S 4,86,6) (S 85,17,8) (D 51,86,86)
0 1 10 11 3068 1871 21 (D 86,140,140) (S 74,86,140) (S 135,140,141) (S 122,114,113) (S 127,126,137) (S 141,147,146) (S 139,144,134) (S 132,136,137) (S 126,125,124) (S 111,91,79) (D 79,86,86)
0 1 11 6 2413 1631 10 (D 86,47,47) (S 25,86,47) (S 80,3,4) (S 84,15,14) (D 39,86,86)
0 1 12 9 2816 1810 15 (D 86,122,122) (S 63,86,122) (S 121,110,111) (S 131,133,143) (S 131,133,143) (S 119,108,95) (S 120,108,109) (D 109,86,86)
0 1 13 8 2428 1867 11 (D 86,100,100) (S 52,86,100) (S 117,100,101) (S 116,100,89) (D 89,86,86)
0 1 14 8 2654 1856 16 (D 86,37,37) (S 89,37,38) (S 92,50,51) (S 93,52,51) (S 98,64,77) (S 99,65,52) (S 104,75,74) (D 76,86,86)
0 1 15 6 2634 1874 10 (D 86,46,46) (S 24,86,46) (S 90,38,37) (S 97,63,50) (D 50,86,86)
0 1 16 7 2434 1809 12 (D 86,61,61) (S 96,61,62) (S 107,82,69) (S 100,65,78) (D 78,86,86)
0 1 17 7 2470 1867 12 (D 86,108,108) (S 55,86,108) (S 120,108,109) (S 130,131,132) (S 134,140,118) (S 114,95,84) (D 84,86,86)
0 1 18 7 2470 1790 12 (D 86,45,45) (S 23,86,45) (S 81,59,72) (S 95,60,61) (S 103,73,60) (D 60,86,86)
0 1 19 6 2148 1754 11 (D 86,94,94) (S 49,86,94) (S 108,84,70) (S 102,70,83) (S 108,84,70) (S 109,84,96) (D 96,86,86)
0 1 20 7 2383 1837 11 (D 86,87,87) (S 46,86,87) (S 115,99,98) (S 117,100,101) (D 101,86,86)
