28026
12
26562
26562
0 1 1 9 2712 1851 11 (D 1,51,51) (S 48,1,51) (D 69,1,1)
0 1 2 6 2595 1805 11 (D 1,49,49) (S 46,1,49) (S 70,49,64) (S 79,59,50) (S 82,65,66) (D 66,1,1)
0 1 3 7 2364 1836 12 (D 1,55,55) (S 51,1,55) (S 71,55,56) (S 71,55,56) (S 81,63,55) (S 80,62,54) (D 54,1,1)
0 1 4 9 2535 1780 13 (D 1,8,8) (S 7,1,8) (S 77,39,40) (S 75,21,20) (D 20,1,1)
0 1 5 8 2635 1860 11 (D 1,6,6) (S 5,1,6) (S 68,28,38) (D 38,1,1)
0 1 6 7 2385 1859 10 (D 1,35,35) (S 32,1,35) (S 69,47,48) (S 69,47,48) (D 62,1,1)
0 1 7 7 2442 1842 10 (D 1,45,45) (S 42,1,45) (S 78,51,50) (D 50,1,1)
0 1 8 6 2371 1866 8 (D 1,12,12) (S 11,1,12) (D 39,1,1)
0 1 9 5 2045 1790 7 (D 1,3,3) (S 2,1,3) (D 18,1,1)
0 1 10 9 2360 1799 12 (D 1,9,9) (S 8,1,9) (S 76,35,48) (D 48,1,1)
0 1 11 6 2233 1843 11 (D 1,2,2) (S 1,1,2) (S 67,18,19) (S 66,5,12) (S 73,11,5) (D 5,1,1)
0 1 12 3 1349 1044 7 (D 1,16,16) (S 14,1,16) (S 72,4,11) (S 74,16,1) (D 1,1,1)
