447
11
8819
8819
0 1 1 6 47 27 12 (D 1,3,3) (S 2,1,3) (S 37,3,5) (S 20,3,9) (S 21,3,4) (S 22,3,7) (S 30,3,11) (D 11,1,1)
0 1 2 4 47 24 9 (D 1,2,2) (S 1,1,2) (S 13,2,3) (S 37,3,5) (S 17,5,9) (S 32,5,8) (D 5,1,1)
0 1 3 8 59 27 16 (D 1,2,2) (S 1,1,2) (S 24,2,5) (S 14,4,5) (S 23,3,10) (S 37,3,5) (S 38,3,8) (S 37,3,5) (S 43,5,11) (D 10,1,1)
0 1 4 3 33 26 6 (D 1,7,7) (S 5,1,7) (S 18,7,9) (S 18,7,9) (D 9,1,1)
0 1 5 5 40 27 9 (D 1,4,4) (S 3,1,4) (S 42,2,6) (S 11,6,8) (S 42,2,6) (S 16,6,11) (D 11,1,1)
0 1 6 6 49 25 11 (D 1,4,4) (S 3,1,4) (S 27,4,9) (S 12,6,9) (S 44,6,10) (D 10,1,1)
0 1 7 4 43 24 10 (D 1,2,2) (S 1,1,2) (S 26,2,4) (S 33,6,7) (S 46,4,7) (S 47,4,8) (D 8,1,1)
0 1 8 3 32 20 8 (D 1,2,2) (S 1,1,2) (S 42,2,6) (S 45,2,10) (S 48,4,10) (D 10,1,1)
0 1 9 4 39 26 8 (D 1,10,10) (S 8,1,10) (S 29,4,11) (S 31,2,8) (D 8,1,1)
0 1 10 3 36 24 7 (D 1,8,8) (S 6,1,8) (S 19,8,11) (S 28,2,7) (D 7,1,1)
0 1 11 2 22 16 5 (D 1,11,11) (S 34,1,11) (S 39,2,11) (D 11,1,1)
