52636
26
43395
43395
0 1 1 1 678 658 4 (D 1,2,2) (S 5,1,2) (S 8,2,9) (D 9,1,1)
0 1 2 6 2497 1614 14 (D 1,14,14) (S 30,14,24) (S 47,24,33) (S 64,33,42) (S 88,47,48) (S 76,40,48) (S 90,48,49) (S 92,49,56) (S 98,55,56) (D 56,1,1)
0 1 3 3 2081 1556 8 (D 1,32,32) (S 61,32,40) (S 63,32,42) (S 77,41,42) (D 42,1,1)
0 1 4 4 2049 1525 10 (D 1,22,22) (S 41,22,23) (S 28,14,15) (S 18,8,15) (S 31,15,24) (S 46,24,32) (D 32,1,1)
0 1 5 4 2162 1614 10 (D 1,38,38) (S 72,38,46) (S 84,45,52) (S 89,47,54) (S 96,53,54) (D 54,1,1)
0 1 6 4 2094 1586 10 (D 1,22,22) (S 42,22,31) (S 60,32,33) (S 62,32,41) (S 75,40,41) (D 41,1,1)
0 1 7 4 2139 1623 10 (D 1,14,14) (S 29,14,23) (S 101,14,6) (S 43,22,32) (S 103,22,21) (D 21,1,1)
0 1 8 6 2428 1647 14 (D 1,21,21) (S 40,21,30) (S 47,24,33) (S 59,31,40) (S 78,42,49) (S 90,48,49) (S 91,48,55) (D 55,1,1)
0 1 9 4 1963 1499 9 (D 1,30,30) (S 4,1,30) (S 57,30,31) (S 58,30,39) (S 58,30,39) (S 74,39,40) (D 40,1,1)
0 1 10 6 2412 1603 14 (D 1,29,29) (S 56,29,38) (S 94,51,52) (S 73,38,47) (S 95,52,53) (S 87,46,53) (S 96,53,54) (S 97,54,55) (D 55,1,1)
0 1 11 3 2039 1607 8 (D 1,36,36) (S 69,36,45) (S 83,45,46) (S 85,46,47) (S 86,46,52) (D 52,1,1)
0 1 12 3 1937 1550 8 (D 1,44,44) (S 81,44,45) (S 82,44,51) (S 93,50,51) (D 51,1,1)
0 1 13 4 2109 1648 10 (D 1,27,27) (S 51,27,28) (S 68,36,37) (S 54,28,37) (S 107,37,38) (S 71,38,39) (D 39,1,1)
0 1 14 4 2111 1601 9 (D 1,12,12) (S 1,1,12) (S 31,15,24) (S 44,23,24) (S 45,23,32) (D 32,1,1)
0 1 15 4 2087 1612 10 (D 1,35,35) (S 66,35,36) (S 67,35,44) (S 79,43,44) (S 80,43,50) (D 50,1,1)
0 1 16 4 1991 1568 10 (D 1,10,10) (S 22,10,20) (S 37,19,28) (S 53,28,29) (S 55,29,30) (S 105,27,18) (D 18,1,1)
0 1 17 3 1786 1448 8 (D 1,4,4) (S 11,4,5) (S 15,5,12) (S 24,12,21) (S 38,20,21) (D 21,1,1)
0 1 18 5 2096 1606 12 (D 1,4,4) (S 12,4,11) (S 21,10,19) (S 102,19,20) (S 39,20,29) (S 53,28,29) (S 102,19,20) (D 20,1,1)
0 1 19 6 2127 1609 14 (D 1,25,25) (S 3,1,25) (S 48,25,26) (S 35,17,26) (S 104,26,27) (S 52,27,36) (S 68,36,37) (S 70,37,46) (S 83,45,46) (S 107,37,38) (D 38,1,1)
0 1 20 3 1924 1602 8 (D 1,3,3) (S 9,3,4) (S 12,4,11) (S 23,11,20) (S 36,18,19) (D 19,1,1)
0 1 21 4 2076 1587 10 (D 1,12,12) (S 1,1,12) (S 25,12,22) (S 26,13,14) (S 27,13,22) (S 100,10,11) (D 11,1,1)
0 1 22 5 2007 1568 12 (D 1,16,16) (S 2,1,16) (S 33,16,25) (S 48,25,26) (S 50,26,35) (S 65,34,35) (S 106,34,43) (S 104,26,27) (D 27,1,1)
0 1 23 4 1967 1588 10 (D 1,3,3) (S 10,3,10) (S 7,2,3) (S 9,3,4) (S 13,4,12) (S 15,5,12) (D 12,1,1)
0 1 24 4 2053 1619 10 (D 1,9,9) (S 19,9,10) (S 32,16,17) (S 20,9,18) (S 34,17,18) (D 18,1,1)
0 1 25 5 2098 1599 11 (D 1,2,2) (S 5,1,2) (S 16,6,13) (S 14,5,6) (S 17,7,8) (S 99,7,14) (D 14,1,1)
0 1 26 4 1725 1465 7 (D 1,16,16) (S 2,1,16) (S 33,16,25) (S 33,16,25) (S 49,25,34) (D 34,1,1)
