75839
28
256980
256980
0 1 1 7 3054 1721 16 (D 1,85,85) (S 170,85,98) (S 182,98,97) (S 180,97,96) (S 181,97,110) (S 182,98,97) (S 183,98,99) (S 186,99,98) (S 184,98,111) (S 200,110,123) (D 123,1,1)
0 1 2 8 2795 1748 13 (D 1,107,107) (S 48,1,107) (S 199,109,110) (S 201,111,112) (S 202,112,99) (S 70,110,111) (S 199,109,110) (D 110,1,1)
0 1 3 9 3020 1742 18 (D 1,94,94) (S 178,94,107) (S 210,121,120) (S 208,120,107) (S 207,119,106) (S 179,95,94) (S 196,106,93) (S 197,107,94) (S 178,94,107) (S 198,107,106) (D 106,1,1)
0 1 4 10 3096 1752 20 (D 1,99,99) (S 43,1,99) (S 212,124,111) (S 201,111,112) (S 202,112,99) (S 185,99,86) (S 186,99,98) (S 183,98,99) (S 187,99,100) (S 203,113,126) (S 212,124,111) (S 211,122,123) (S 194,105,92) (D 92,1,1)
0 1 5 7 2514 1756 11 (D 1,104,104) (S 193,104,117) (S 195,105,104) (D 104,1,1)
0 1 6 11 3062 1752 21 (D 1,73,73) (S 33,1,73) (S 65,75,87) (S 171,87,86) (S 65,75,87) (S 161,75,63) (S 169,85,84) (S 160,74,62) (S 147,63,62) (S 157,72,71) (S 153,69,59) (D 59,1,1)
0 1 7 8 2690 1733 16 (D 1,50,50) (S 126,50,51) (S 111,40,51) (S 130,53,52) (S 128,52,41) (S 129,52,62) (S 130,53,52) (S 110,40,32) (D 32,1,1)
0 1 8 10 3061 1734 20 (D 1,11,11) (S 62,11,33) (S 131,53,63) (S 147,63,62) (S 145,62,61) (S 146,62,74) (S 168,84,73) (S 158,73,61) (S 159,73,72) (S 168,84,73) (S 158,73,61) (S 144,61,60) (D 60,1,1)
0 1 9 11 2874 1754 19 (D 1,88,88) (S 38,1,88) (S 205,116,103) (S 190,103,102) (S 188,102,101) (S 189,102,115) (S 172,88,76) (S 206,117,116) (S 164,80,69) (D 69,1,1)
0 1 10 7 2758 1726 15 (D 1,93,93) (S 42,1,93) (S 176,93,106) (S 192,104,105) (S 189,102,115) (S 204,115,102) (S 68,103,104) (S 149,65,55) (S 150,65,66) (D 66,1,1)
0 1 11 8 3006 1736 16 (D 1,49,49) (S 20,1,49) (S 123,49,50) (S 144,61,60) (S 142,60,50) (S 104,33,32) (S 63,22,32) (S 105,34,42) (S 127,51,61) (D 61,1,1)
0 1 12 6 2623 1754 13 (D 1,68,68) (S 28,1,68) (S 152,68,79) (S 157,72,71) (S 155,71,70) (S 156,71,82) (S 165,81,70) (S 163,78,67) (D 67,1,1)
0 1 13 9 2887 1725 18 (D 1,56,56) (S 136,56,66) (S 132,54,43) (S 133,54,55) (S 148,64,65) (S 150,65,66) (S 151,66,67) (S 134,55,44) (S 135,55,56) (D 56,1,1)
0 1 14 7 2712 1705 14 (D 1,48,48) (S 19,1,48) (S 121,48,59) (S 143,60,72) (S 157,72,71) (S 166,81,94) (S 167,83,72) (S 177,94,93) (D 93,1,1)
0 1 15 5 2688 1711 10 (D 1,12,12) (S 4,1,12) (S 104,33,32) (S 103,32,31) (S 92,22,21) (S 78,11,12) (D 12,1,1)
0 1 16 6 2394 1716 9 (D 1,57,57) (S 23,1,57) (S 64,57,67) (D 67,1,1)
0 1 17 7 3260 1750 14 (D 1,47,47) (S 18,1,47) (S 122,49,39) (S 108,39,29) (S 109,39,38) (S 122,49,39) (S 124,49,59) (S 125,50,31) (D 31,1,1)
0 1 18 7 2785 1750 15 (D 1,82,82) (S 35,1,82) (S 66,82,95) (S 67,96,109) (S 69,109,122) (S 209,121,108) (S 210,121,120) (S 69,109,122) (S 137,57,46) (D 46,1,1)
0 1 19 8 2773 1718 17 (D 1,57,57) (S 23,1,57) (S 138,57,56) (S 173,88,101) (S 162,76,88) (S 174,89,102) (S 175,90,91) (S 190,103,102) (S 191,104,91) (D 91,1,1)
0 1 20 6 2613 1672 13 (D 1,46,46) (S 17,1,46) (S 116,46,57) (S 137,57,46) (S 117,47,37) (S 118,47,38) (S 119,47,48) (S 113,45,36) (D 36,1,1)
0 1 21 8 2687 1728 16 (D 1,31,31) (S 11,1,31) (S 88,19,7) (S 89,19,18) (S 90,20,8) (S 91,20,30) (S 76,7,20) (S 83,16,4) (D 4,1,1)
0 1 22 8 2635 1730 18 (D 1,25,25) (S 96,25,26) (S 99,28,29) (S 75,7,8) (S 77,10,11) (S 78,11,12) (S 79,12,11) (S 100,31,20) (S 101,31,21) (S 102,31,30) (D 30,1,1)
0 1 23 8 2449 1723 15 (D 1,17,17) (S 85,17,27) (S 76,7,20) (S 86,18,6) (S 87,18,19) (S 98,28,27) (S 84,17,5) (D 5,1,1)
0 1 24 8 2520 1754 15 (D 1,59,59) (S 24,1,59) (S 141,59,69) (S 153,69,59) (S 140,59,68) (S 141,59,69) (S 154,69,68) (S 139,58,57) (S 93,23,13) (D 13,1,1)
0 1 25 6 2205 1732 12 (D 1,24,24) (S 7,1,24) (S 95,24,25) (S 96,25,26) (S 97,27,38) (S 106,37,25) (S 107,37,36) (D 36,1,1)
0 1 26 5 2317 1714 11 (D 1,14,14) (S 81,14,24) (S 82,15,14) (S 73,4,16) (S 74,5,6) (D 6,1,1)
0 1 27 6 2293 1646 12 (D 1,23,23) (S 6,1,23) (S 112,43,44) (S 114,45,44) (S 115,46,45) (S 120,48,49) (D 2,1,1)
0 1 28 6 2068 1690 11 (D 1,2,2) (S 1,1,2) (S 72,2,14) (S 81,14,24) (S 80,14,13) (S 94,23,24) (D 24,1,1)
