39542
47
311263
311263
0 1 1 1 48 24 4 (D 1,117,117) (S 206,117,119) (D 119,1,1)
0 1 2 5 1319 120 10 (D 1,31,31) (S 9,1,31) (S 73,23,24) (S 76,23,26) (S 74,24,25) (D 25,1,1)
0 1 3 4 1213 116 8 (D 1,5,5) (S 31,1,5) (S 51,5,6) (S 51,5,6) (S 53,6,8) (S 54,8,9) (D 9,1,1)
0 1 4 8 1236 120 17 (D 1,13,13) (S 2,1,13) (S 63,13,17) (S 65,17,18) (S 66,18,19) (S 55,9,10) (S 55,9,10) (S 60,10,15) (S 67,10,19) (S 61,15,16) (S 62,15,17) (D 17,1,1)
0 1 5 4 1341 120 10 (D 1,28,28) (S 80,28,30) (S 75,25,26) (S 71,21,23) (S 76,23,26) (S 82,26,31) (D 31,1,1)
0 1 6 6 1098 118 11 (D 1,13,13) (S 2,1,13) (S 59,13,14) (S 59,13,14) (S 64,13,16) (S 65,17,18) (D 12,1,1)
0 1 7 6 1231 114 13 (D 1,11,11) (S 32,1,11) (S 57,11,12) (S 78,27,28) (S 80,28,30) (S 72,20,24) (S 74,24,25) (S 77,25,27) (S 78,27,28) (S 79,28,29) (D 29,1,1)
0 1 8 6 1062 118 13 (D 1,50,50) (S 20,1,50) (S 107,48,139) (S 108,48,49) (S 109,48,50) (S 114,49,140) (S 124,49,61) (D 61,1,1)
0 1 9 2 883 117 6 (D 1,39,39) (S 37,1,39) (S 93,39,40) (S 94,40,41) (S 96,41,47) (D 47,1,1)
0 1 10 6 1258 119 13 (D 1,22,22) (S 28,1,22) (S 69,20,21) (S 70,20,22) (S 58,12,13) (S 106,33,139) (S 102,34,45) (D 45,1,1)
0 1 11 3 1177 115 8 (D 1,8,8) (S 56,8,11) (S 84,29,33) (S 121,45,60) (D 60,1,1)
0 1 12 3 1059 113 8 (D 1,44,44) (S 16,1,44) (S 101,44,45) (S 86,34,139) (S 239,11,27) (D 27,1,1)
0 1 13 4 1291 118 9 (D 1,60,60) (S 21,1,60) (S 68,12,20) (S 81,30,31) (S 83,30,32) (D 32,1,1)
0 1 14 6 825 116 11 (D 1,36,36) (S 91,36,38) (S 92,38,39) (S 94,40,41) (S 90,36,37) (D 37,1,1)
0 1 15 9 911 113 19 (D 1,35,35) (S 49,1,35) (S 88,35,36) (S 91,36,38) (S 92,38,39) (S 95,38,41) (S 89,35,37) (S 89,35,37) (S 97,37,42) (S 99,37,43) (S 98,42,43) (S 103,42,47) (D 47,1,1)
0 1 16 3 886 119 7 (D 1,44,44) (S 16,1,44) (S 87,34,35) (S 100,43,44) (D 44,1,1)
0 1 17 8 1099 119 15 (D 1,46,46) (S 104,46,47) (S 52,6,7) (S 53,6,8) (S 56,8,11) (S 85,11,33) (S 106,33,139) (S 105,43,46) (D 46,1,1)
0 1 18 7 924 118 14 (D 1,55,55) (S 237,55,140) (S 238,54,140) (S 113,53,140) (S 238,54,140) (S 116,55,56) (S 117,56,57) (S 118,57,58) (D 58,1,1)
0 1 19 6 1067 120 14 (D 1,72,72) (S 15,1,72) (S 139,72,74) (S 140,73,74) (S 119,58,59) (S 141,44,73) (S 125,57,62) (S 145,76,77) (D 77,1,1)
0 1 20 6 938 119 13 (D 1,69,69) (S 26,1,69) (S 134,69,70) (S 120,59,60) (S 120,59,60) (S 122,60,61) (S 123,59,61) (S 240,58,70) (D 70,1,1)
0 1 21 6 978 119 14 (D 1,63,63) (S 12,1,63) (S 127,63,64) (S 117,56,57) (S 128,64,65) (S 129,56,65) (S 126,62,63) (S 132,67,68) (D 68,1,1)
0 1 22 4 782 114 8 (D 1,79,79) (S 44,1,79) (S 143,75,76) (S 145,76,77) (S 147,77,78) (D 78,1,1)
0 1 23 7 1013 119 14 (D 1,53,53) (S 3,1,53) (S 111,51,52) (S 111,51,52) (S 112,52,53) (S 110,50,51) (S 115,54,55) (S 180,94,101) (D 101,1,1)
0 1 24 7 807 112 14 (D 1,67,67) (S 5,1,67) (S 133,67,69) (S 138,72,73) (S 140,73,74) (S 144,74,76) (S 146,46,77) (S 147,77,78) (S 148,78,79) (S 150,79,81) (D 81,1,1)
0 1 25 4 751 116 10 (D 1,94,94) (S 18,1,94) (S 172,94,95) (S 178,99,100) (S 179,94,100) (S 182,101,102) (D 102,1,1)
0 1 26 8 809 119 16 (D 1,132,132) (S 228,132,133) (S 230,133,135) (S 231,134,135) (S 232,134,136) (S 229,133,134) (S 230,133,135) (S 234,136,138) (D 138,1,1)
0 1 27 5 782 112 12 (D 1,127,127) (S 221,127,128) (S 222,3,128) (S 220,126,127) (S 221,127,128) (S 223,128,129) (S 224,127,129) (D 129,1,1)
0 1 28 8 707 115 17 (D 1,83,83) (S 41,1,83) (S 149,79,80) (S 150,79,81) (S 151,80,81) (S 152,80,82) (S 154,81,83) (S 153,82,83) (S 155,82,84) (D 84,1,1)
0 1 29 4 652 114 9 (D 1,126,126) (S 46,1,126) (S 226,126,131) (S 227,131,132) (S 235,131,138) (S 233,136,137) (D 137,1,1)
0 1 30 7 740 119 14 (D 1,69,69) (S 26,1,69) (S 136,69,71) (S 135,70,71) (S 137,71,72) (S 137,71,72) (S 142,71,75) (S 163,90,91) (D 91,1,1)
0 1 31 4 661 120 9 (D 1,90,90) (S 24,1,90) (S 161,88,89) (S 162,88,90) (S 165,66,91) (D 91,1,1)
0 1 32 4 530 110 8 (D 1,123,123) (S 33,1,123) (S 217,123,125) (S 236,125,138) (D 123,1,1)
0 1 33 5 826 118 9 (D 1,108,108) (S 8,1,108) (S 191,108,109) (S 183,102,103) (S 187,105,106) (D 106,1,1)
0 1 34 8 851 114 17 (D 1,94,94) (S 18,1,94) (S 171,93,94) (S 174,96,97) (S 173,95,96) (S 174,96,97) (S 175,97,98) (S 177,97,99) (S 176,96,99) (S 192,107,110) (D 110,1,1)
0 1 35 5 635 119 10 (D 1,66,66) (S 17,1,66) (S 181,66,101) (S 181,66,101) (S 182,101,102) (S 185,102,104) (S 195,107,112) (D 112,1,1)
0 1 36 4 634 110 9 (D 1,118,118) (S 7,1,118) (S 210,118,121) (S 212,121,122) (S 214,122,123) (S 215,123,124) (S 218,4,124) (D 124,1,1)
0 1 37 5 597 111 12 (D 1,107,107) (S 189,107,108) (S 190,106,108) (S 188,106,107) (S 192,107,110) (S 193,110,111) (S 194,110,112) (D 112,1,1)
0 1 38 4 570 118 9 (D 1,118,118) (S 7,1,118) (S 160,86,88) (S 184,91,103) (S 209,91,118) (D 118,1,1)
0 1 39 6 820 118 13 (D 1,63,63) (S 12,1,63) (S 130,62,66) (S 169,64,93) (S 170,63,93) (S 186,104,105) (S 196,112,113) (D 113,1,1)
0 1 40 2 672 115 6 (D 1,108,108) (S 8,1,108) (S 191,108,109) (S 198,113,114) (D 114,1,1)
0 1 41 5 648 119 11 (D 1,119,119) (S 35,1,119) (S 207,119,120) (S 211,120,121) (S 215,123,124) (S 219,124,126) (S 225,126,130) (S 226,126,131) (D 131,1,1)
0 1 42 2 502 107 6 (D 1,117,117) (S 205,117,118) (S 208,114,118) (D 118,1,1)
0 1 43 3 691 116 8 (D 1,66,66) (S 17,1,66) (S 131,66,67) (S 132,67,68) (S 164,68,90) (S 204,2,117) (D 117,1,1)
0 1 44 7 658 119 16 (D 1,116,116) (S 201,1,116) (S 202,116,117) (S 206,117,119) (S 207,119,120) (S 211,120,121) (S 212,121,122) (S 158,85,86) (S 159,86,87) (S 213,87,122) (S 216,120,123) (S 215,123,124) (S 219,124,126) (D 126,1,1)
0 1 45 3 442 116 7 (D 1,115,115) (S 13,1,115) (S 197,103,113) (S 198,113,114) (S 199,114,115) (D 115,1,1)
0 1 46 8 757 119 17 (D 1,84,84) (S 4,1,84) (S 156,83,84) (S 166,89,92) (S 167,82,92) (S 168,84,92) (S 157,84,85) (S 158,85,86) (S 159,86,87) (S 200,115,116) (D 116,1,1)
0 1 47 2 161 38 5 (D 1,116,116) (S 201,1,116) (S 203,115,117) (D 117,1,1)
