512
6
6443
6443
0 1 1 5 71 27 9 (D 1,14,14) (S 6,1,14) (S 20,14,18) (S 20,14,18) (S 30,21,25) (D 25,1,1)
0 1 2 5 108 27 9 (D 1,15,15) (S 7,1,15) (S 39,15,20) (S 19,20,21) (S 27,21,23) (D 16,1,1)
0 1 3 5 68 27 8 (D 1,19,19) (S 10,1,19) (S 17,23,26) (D 26,1,1)
0 1 4 6 91 27 12 (D 1,27,27) (S 15,1,27) (S 22,24,27) (S 21,18,25) (S 34,22,25) (S 28,2,1) (D 1,1,1)
0 1 5 5 98 27 11 (D 1,17,17) (S 24,1,17) (S 29,13,15) (S 32,14,21) (S 39,15,20) (S 36,14,20) (D 20,1,1)
0 1 6 4 76 18 10 (D 1,2,2) (S 40,2,12) (S 42,22,23) (S 45,13,14) (S 43,12,13) (D 13,1,1)
