880
7
5894
5894
0 1 1 1 5 1 3 (D 1,12,12) (S 6,1,12) (D 12,1,1)
0 1 2 5 157 5 11 (D 1,10,10) (S 3,1,10) (S 18,10,11) (S 14,7,8) (S 16,8,11) (S 16,8,11) (S 28,8,10) (D 10,1,1)
0 1 3 5 251 5 11 (D 1,2,2) (S 4,1,2) (S 8,2,3) (S 12,5,11) (S 17,9,10) (S 29,9,11) (D 11,1,1)
0 1 4 5 136 5 11 (D 1,3,3) (S 2,1,3) (S 11,5,6) (S 13,5,12) (S 25,5,3) (S 15,7,12) (D 12,1,1)
0 1 5 5 118 5 9 (D 1,10,10) (S 3,1,10) (S 9,2,4) (S 10,2,9) (D 2,1,1)
0 1 6 5 175 5 8 (D 1,7,7) (S 7,1,7) (S 9,2,4) (S 24,3,4) (D 4,1,1)
0 1 7 3 38 3 7 (D 1,12,12) (S 6,1,12) (S 26,7,6) (S 27,12,6) (D 6,1,1)
