334
9
4413
4413
0 1 1 1 8 8 4 (D 1,5,5) (S 4,1,5) (S 27,5,11) (D 11,1,1)
0 1 2 3 37 27 6 (D 1,2,2) (S 1,1,2) (S 37,2,4) (S 36,4,9) (S 10,9,10) (D 10,1,1)
0 1 3 7 52 26 13 (D 1,7,7) (S 13,1,7) (S 11,7,9) (S 16,4,5) (S 31,9,11) (S 33,2,8) (D 8,1,1)
0 1 4 4 33 26 7 (D 1,7,7) (S 13,1,7) (S 9,7,10) (D 3,1,1)
0 1 5 5 42 23 10 (D 1,5,5) (S 4,1,5) (S 22,5,8) (S 15,2,11) (S 34,2,5) (S 35,2,3) (D 3,1,1)
0 1 6 5 38 23 10 (D 1,7,7) (S 13,1,7) (S 8,6,7) (S 14,7,11) (S 21,3,11) (S 26,3,5) (D 5,1,1)
0 1 7 3 38 22 8 (D 1,7,7) (S 13,1,7) (S 14,7,11) (S 20,4,6) (S 23,4,11) (D 11,1,1)
0 1 8 4 37 23 10 (D 1,5,5) (S 4,1,5) (S 22,5,8) (S 18,6,8) (S 37,2,4) (S 16,4,5) (S 24,5,7) (D 7,1,1)
0 1 9 5 49 27 11 (D 1,6,6) (S 5,1,6) (S 29,3,9) (S 25,6,9) (S 36,4,9) (S 30,5,10) (D 10,1,1)
