698
10
7058
7058
0 1 1 5 93 27 9 (D 1,20,20) (S 8,1,20) (S 18,21,25) (S 32,14,16) (D 16,1,1)
0 1 2 4 92 27 8 (D 1,14,14) (S 6,1,14) (S 27,21,23) (S 23,25,26) (D 16,1,1)
0 1 3 6 53 23 11 (D 1,27,27) (S 17,1,27) (S 13,26,27) (S 35,8,27) (S 12,8,24) (D 24,1,1)
0 1 4 5 74 24 12 (D 1,3,3) (S 19,1,3) (S 22,3,6) (S 30,5,9) (S 45,5,6) (S 25,6,10) (S 39,10,11) (S 42,3,4) (D 4,1,1)
0 1 5 4 62 25 10 (D 1,4,4) (S 2,1,4) (S 26,4,10) (S 31,6,8) (S 20,3,8) (S 12,8,24) (S 46,24,27) (D 27,1,1)
0 1 6 5 56 26 10 (D 1,6,6) (S 3,1,6) (S 36,6,7) (S 25,6,10) (S 36,6,7) (S 40,4,19) (D 19,1,1)
0 1 7 6 88 27 14 (D 1,13,13) (S 34,13,14) (S 16,18,21) (S 38,18,25) (S 41,23,26) (S 28,15,17) (S 21,12,19) (D 19,1,1)
0 1 8 6 81 26 11 (D 1,2,2) (S 1,1,2) (S 33,13,15) (S 28,15,17) (S 24,12,13) (S 33,13,15) (S 43,15,20) (D 15,1,1)
0 1 9 2 35 27 4 (D 1,4,4) (S 2,1,4) (S 40,4,19) (D 19,1,1)
0 1 10 3 64 26 7 (D 1,23,23) (S 14,23,24) (S 15,2,12) (D 12,1,1)
