902
7
1823
1823
0 1 1 1 15 15 4 (D 1,4,4) (S 18,1,4) (S 7,4,5) (D 5,1,1)
0 1 2 6 309 34 11 (D 1,7,7) (S 2,1,7) (S 11,11,13) (S 17,8,12) (S 20,8,9) (D 9,1,1)
0 1 3 3 118 28 8 (D 1,2,2) (S 1,1,2) (S 8,2,8) (S 9,2,6) (S 15,2,3) (D 3,1,1)
0 1 4 4 156 35 9 (D 1,3,3) (S 19,1,3) (S 14,3,6) (S 21,6,12) (S 21,6,12) (S 22,6,10) (D 10,1,1)
0 1 5 2 111 31 5 (D 1,4,4) (S 18,1,4) (S 13,4,11) (D 4,1,1)
0 1 6 4 112 34 8 (D 1,10,10) (S 4,1,10) (S 10,5,10) (S 12,4,10) (D 10,1,1)
0 1 7 2 81 35 4 (D 1,2,2) (S 1,1,2) (S 15,2,3) (D 3,1,1)
