61182
25
127501
127501
0 1 1 8 2831 1620 18 (D 38,17,17) (S 59,17,16) (S 58,16,32) (S 88,32,33) (S 89,32,59) (S 58,16,32) (S 88,32,33) (S 90,33,34) (S 146,59,60) (S 91,34,18) (S 92,34,48) (D 48,38,38)
0 1 2 7 2836 1640 12 (D 38,14,14) (S 8,38,14) (S 121,47,58) (S 56,15,31) (S 87,31,30) (S 120,47,31) (S 119,46,47) (D 47,38,38)
0 1 3 7 2483 1626 14 (D 38,11,11) (S 7,38,11) (S 50,11,12) (S 116,45,46) (S 55,14,30) (S 86,30,29) (S 84,29,13) (S 85,29,28) (S 114,45,29) (D 29,38,38)
0 1 4 6 2494 1579 14 (D 38,45,45) (S 23,38,45) (S 117,45,57) (S 144,57,70) (S 167,70,69) (S 113,44,45) (S 116,45,46) (S 118,46,30) (S 143,57,45) (S 165,69,56) (D 56,38,38)
0 1 5 7 2402 1645 15 (D 38,10,10) (S 49,10,11) (S 50,11,12) (S 51,12,13) (S 53,13,14) (S 54,14,15) (S 53,13,14) (S 55,14,30) (S 56,15,31) (S 87,31,30) (S 86,30,29) (D 29,38,38)
0 1 6 9 2934 1638 19 (D 38,12,12) (S 52,12,28) (S 83,28,27) (S 75,25,9) (S 76,25,41) (S 77,26,10) (S 78,26,25) (S 79,26,42) (S 80,27,11) (S 106,41,54) (D 54,38,38)
0 1 7 8 2634 1627 17 (D 38,28,28) (S 15,38,28) (S 83,28,27) (S 81,27,26) (S 82,27,43) (S 83,28,27) (S 82,27,43) (S 111,43,69) (S 112,44,28) (S 166,69,68) (S 141,55,67) (D 67,38,38)
0 1 8 7 2668 1604 15 (D 38,20,20) (S 65,20,35) (S 62,19,35) (S 93,35,34) (S 92,34,48) (S 122,48,34) (S 92,34,48) (S 123,48,49) (S 43,5,6) (S 124,49,35) (D 35,38,38)
0 1 9 6 2377 1616 13 (D 38,41,41) (S 21,38,41) (S 108,41,56) (S 142,56,42) (S 109,42,41) (S 110,42,43) (S 115,45,44) (S 113,44,45) (S 116,45,46) (D 46,38,38)
0 1 10 6 2578 1647 13 (D 38,49,49) (S 26,38,49) (S 94,36,20) (S 95,36,35) (S 96,36,37) (S 127,50,37) (S 128,50,51) (D 51,38,38)
0 1 11 7 2407 1648 14 (D 38,42,42) (S 22,38,42) (S 109,42,41) (S 105,41,40) (S 107,41,55) (S 164,68,56) (S 142,56,42) (S 162,67,66) (S 163,67,68) (D 68,38,38)
0 1 12 7 2685 1639 15 (D 38,62,62) (S 32,38,62) (S 125,49,50) (S 147,60,48) (S 148,61,49) (S 149,61,50) (S 150,61,60) (S 153,62,61) (D 61,38,38)
0 1 13 12 3512 1639 25 (D 38,2,2) (S 2,38,2) (S 38,2,3) (S 39,2,17) (S 60,18,17) (S 42,4,5) (S 43,5,6) (S 44,6,7) (S 45,6,20) (S 46,6,21) (S 61,19,4) (S 62,19,35) (S 64,20,19) (S 67,21,37) (D 52,38,38)
0 1 14 7 2619 1588 15 (D 38,57,57) (S 144,57,70) (S 168,70,71) (S 169,71,58) (S 121,47,58) (S 169,71,58) (S 145,58,57) (S 144,57,70) (S 168,70,71) (S 161,66,65) (D 65,38,38)
0 1 15 5 2384 1590 11 (D 38,40,40) (S 20,38,40) (S 103,40,24) (S 72,24,8) (S 73,24,9) (S 74,24,39) (S 103,40,24) (D 24,38,38)
0 1 16 9 3007 1649 16 (D 38,33,33) (S 17,38,33) (S 37,1,2) (S 38,2,3) (S 40,3,4) (S 41,3,18) (S 37,1,2) (S 57,16,1) (S 99,39,22) (D 22,38,38)
0 1 17 6 2247 1518 11 (D 38,24,24) (S 13,38,24) (S 47,8,9) (S 48,9,10) (S 47,8,9) (S 71,23,39) (D 39,38,38)
0 1 18 7 2255 1534 15 (D 38,63,63) (S 33,38,63) (S 126,50,36) (S 151,61,62) (S 154,63,51) (S 130,51,63) (S 155,63,52) (S 156,63,62) (S 158,64,65) (D 65,38,38)
0 1 19 6 2191 1626 13 (D 38,51,51) (S 27,38,51) (S 130,51,63) (S 156,63,62) (S 152,62,50) (S 157,63,64) (S 158,64,65) (S 159,65,53) (S 160,65,54) (D 54,38,38)
0 1 20 8 2040 1571 13 (D 38,39,39) (S 19,38,39) (S 43,5,6) (S 45,6,20) (S 63,20,5) (S 67,21,37) (S 100,39,23) (S 71,23,39) (S 101,39,38) (D 38,38,38)
0 1 21 5 1977 1526 10 (D 38,41,41) (S 21,38,41) (S 106,41,54) (S 138,54,55) (S 164,68,56) (S 104,40,39) (D 54,38,38)
0 1 22 5 2151 1514 11 (D 38,53,53) (S 29,38,53) (S 69,22,23) (S 71,23,39) (S 102,39,52) (S 70,23,7) (S 135,53,54) (D 54,38,38)
0 1 23 5 1734 1285 12 (D 38,52,52) (S 28,38,52) (S 132,52,53) (S 135,53,54) (S 136,54,40) (S 137,54,41) (S 106,41,54) (S 139,54,65) (S 160,65,54) (S 140,54,66) (D 66,38,38)
0 1 24 6 2346 1636 13 (D 38,51,51) (S 27,38,51) (S 66,21,20) (S 68,22,21) (S 67,21,37) (S 97,37,38) (S 27,38,51) (S 129,51,37) (S 134,53,52) (D 52,38,38)
0 1 25 3 1390 1203 7 (D 38,52,52) (S 28,38,52) (S 131,52,51) (S 132,52,53) (S 133,53,39) (D 39,38,38)
