470
11
7635
7635
0 1 1 3 39 27 6 (D 1,3,3) (S 2,1,3) (S 31,3,5) (S 10,3,9) (D 9,1,1)
0 1 2 4 50 26 9 (D 1,5,5) (S 4,1,5) (S 16,5,7) (S 15,2,9) (S 11,8,9) (D 7,1,1)
0 1 3 5 48 27 10 (D 1,4,4) (S 3,1,4) (S 21,4,9) (S 35,7,11) (S 37,9,10) (D 10,1,1)
0 1 4 8 55 25 15 (D 1,10,10) (S 9,1,10) (S 24,3,8) (S 31,3,5) (S 27,4,5) (S 31,3,5) (S 34,3,11) (S 46,3,6) (D 6,1,1)
0 1 5 3 35 27 6 (D 1,2,2) (S 1,1,2) (S 33,2,6) (S 39,2,7) (D 7,1,1)
0 1 6 4 52 27 10 (D 1,4,4) (S 3,1,4) (S 29,4,10) (S 17,2,10) (S 30,2,3) (S 31,3,5) (S 43,5,9) (D 9,1,1)
0 1 7 2 22 16 5 (D 1,6,6) (S 5,1,6) (S 47,4,11) (D 11,1,1)
0 1 8 5 50 26 10 (D 1,2,2) (S 1,1,2) (S 33,2,6) (S 25,6,7) (S 28,6,9) (S 33,2,6) (S 12,6,8) (D 8,1,1)
0 1 9 7 57 27 14 (D 1,6,6) (S 5,1,6) (S 36,6,10) (S 23,4,6) (S 12,6,8) (S 14,5,8) (S 20,5,6) (S 23,4,6) (D 4,1,1)
0 1 10 4 42 26 8 (D 1,8,8) (S 7,1,8) (S 40,8,11) (S 19,10,11) (S 42,4,7) (D 7,1,1)
0 1 11 2 20 12 6 (D 1,2,2) (S 1,1,2) (S 22,2,11) (S 40,8,11) (D 11,1,1)
