24776
24
155845
155845
0 1 1 6 1430 143 13 (D 1,9,9) (S 21,1,9) (S 103,9,8) (S 28,8,9) (S 103,9,8) (S 29,8,11) (S 32,13,14) (S 107,14,13) (S 106,13,12) (S 107,14,13) (D 13,1,1)
0 1 2 7 1261 147 14 (D 1,30,30) (S 12,1,30) (S 40,30,32) (S 115,32,30) (S 114,30,28) (S 112,28,27) (S 175,27,11) (S 38,28,29) (S 113,29,28) (S 39,28,30) (S 114,30,28) (S 112,28,27) (D 27,1,1)
0 1 3 5 1197 149 11 (D 1,33,33) (S 5,1,33) (S 116,33,11) (S 30,11,12) (S 105,12,11) (S 41,11,33) (S 116,33,11) (S 104,11,8) (S 52,33,139) (D 139,1,1)
0 1 4 5 1302 147 12 (D 1,12,12) (S 31,12,13) (S 103,9,8) (S 105,12,11) (S 41,11,33) (S 116,33,11) (S 117,139,34) (D 34,1,1)
0 1 5 8 1252 148 17 (D 1,34,34) (S 42,34,139) (S 53,48,49) (S 128,49,48) (S 53,48,49) (S 54,49,140) (S 129,140,49) (S 128,49,48) (S 127,139,33) (S 129,140,49) (S 56,55,56) (D 56,1,1)
0 1 6 8 1329 150 16 (D 1,5,5) (S 3,1,5) (S 26,5,6) (S 101,6,5) (S 27,6,8) (S 102,8,6) (S 101,6,5) (S 102,8,6) (S 50,34,45) (S 51,43,46) (D 46,1,1)
0 1 7 10 1519 148 21 (D 1,24,24) (S 35,24,25) (S 33,20,22) (S 108,22,20) (S 34,20,24) (S 108,22,20) (S 36,25,27) (S 111,27,25) (S 110,25,24) (S 37,27,28) (S 125,45,34) (S 126,46,43) (D 43,1,1)
0 1 8 7 1120 150 16 (D 1,71,71) (S 65,71,72) (S 49,44,45) (S 124,45,44) (S 67,44,73) (S 142,73,44) (S 123,44,43) (S 141,73,72) (S 66,72,73) (S 142,73,44) (S 139,71,69) (D 69,1,1)
0 1 9 7 927 149 14 (D 1,69,69) (S 64,69,71) (S 66,72,73) (S 141,73,72) (S 140,72,71) (S 139,71,69) (S 138,69,67) (S 69,77,78) (D 67,1,1)
0 1 10 11 1297 149 23 (D 1,63,63) (S 58,63,64) (S 48,43,44) (S 124,45,44) (S 99,55,140) (S 174,140,55) (S 130,55,54) (S 174,140,55) (S 130,55,54) (S 55,54,55) (S 56,55,56) (S 131,56,55) (S 134,65,64) (S 63,67,69) (D 69,1,1)
0 1 11 7 1457 149 16 (D 1,29,29) (S 113,29,28) (S 39,28,30) (S 40,30,32) (S 115,32,30) (S 114,30,28) (S 100,11,27) (S 109,24,20) (S 111,27,25) (S 62,67,68) (D 68,1,1)
0 1 12 8 931 145 17 (D 1,62,62) (S 14,1,62) (S 57,62,63) (S 58,63,64) (S 59,64,65) (S 134,65,64) (S 133,64,63) (S 132,63,62) (S 60,62,66) (S 135,66,62) (S 57,62,63) (S 132,63,62) (S 60,62,66) (S 61,66,67) (S 62,67,68) (S 137,68,67) (D 67,1,1)
0 1 13 9 1146 150 20 (D 1,36,36) (S 43,36,37) (S 118,37,36) (S 44,36,38) (S 45,38,39) (S 46,39,40) (S 121,40,39) (S 120,39,38) (S 118,37,36) (S 44,36,38) (S 45,38,39) (S 46,39,40) (S 121,40,39) (S 120,39,38) (S 119,38,36) (S 145,79,78) (D 78,1,1)
0 1 14 9 936 150 19 (D 1,47,47) (S 23,1,47) (S 47,37,43) (S 51,43,46) (S 68,46,77) (S 122,43,37) (S 143,77,46) (S 70,78,79) (S 145,79,78) (S 144,78,77) (S 71,79,80) (S 74,84,85) (D 85,1,1)
0 1 15 5 686 145 8 (D 1,135,135) (S 4,1,135) (S 172,126,124) (D 124,1,1)
0 1 16 10 1146 147 21 (D 1,95,95) (S 13,1,95) (S 77,95,96) (S 78,96,97) (S 79,97,98) (S 154,98,97) (S 153,97,96) (S 135,66,62) (S 136,67,66) (S 77,95,96) (S 78,96,97) (S 79,97,98) (S 154,98,97) (S 153,97,96) (S 152,96,95) (S 81,104,105) (D 105,1,1)
0 1 17 10 824 146 20 (D 1,84,84) (S 148,84,82) (S 72,80,82) (S 147,82,80) (S 146,80,79) (S 147,82,80) (S 72,80,82) (S 73,82,84) (S 74,84,85) (S 75,85,86) (S 150,86,85) (S 149,85,84) (S 76,86,87) (D 87,1,1)
0 1 18 10 858 147 22 (D 1,102,102) (S 80,102,104) (S 81,104,105) (S 82,105,106) (S 157,106,105) (S 156,105,104) (S 83,106,107) (S 158,107,106) (S 157,106,105) (S 156,105,104) (S 155,104,102) (S 86,107,110) (S 161,110,107) (S 89,107,112) (S 163,112,110) (S 87,110,111) (S 162,111,110) (S 88,110,112) (D 112,1,1)
0 1 19 3 730 136 8 (D 1,107,107) (S 84,107,108) (S 85,108,109) (S 160,109,108) (S 161,110,107) (D 107,1,1)
0 1 20 7 670 143 13 (D 1,86,86) (S 7,1,86) (S 150,86,85) (S 75,85,86) (S 76,86,87) (S 151,87,86) (S 97,124,126) (S 98,126,130) (S 173,130,126) (D 119,1,1)
0 1 21 4 778 141 10 (D 1,117,117) (S 95,117,119) (S 96,114,118) (S 98,126,130) (S 170,119,117) (D 117,1,1)
0 1 22 10 615 142 20 (D 1,110,110) (S 1,1,110) (S 87,110,111) (S 162,111,110) (S 161,110,107) (S 158,107,106) (S 90,112,113) (S 165,113,112) (S 163,112,110) (S 88,110,112) (S 164,112,107) (S 91,113,114) (S 166,114,113) (S 165,113,112) (S 166,114,113) (D 116,1,1)
0 1 23 3 734 146 7 (D 1,108,108) (S 85,108,109) (S 160,109,108) (S 159,108,107) (D 116,1,1)
0 1 24 6 631 146 14 (D 1,116,116) (S 19,1,116) (S 93,116,117) (S 169,117,2) (S 94,2,117) (S 171,118,114) (S 168,117,116) (S 93,116,117) (S 169,117,2) (S 167,116,1) (D 1,1,1)
