28132
12
36764
36764
0 1 1 1 403 364 3 (D 1,11,11) (D 1,11,11)
0 1 2 7 2957 1921 13 (D 1,25,25) (D 1,25,25) (D 25,26,26) (D 26,42,42) (D 42,36,36) (D 36,43,43) (D 43,36,36) (D 36,43,43) (D 43,42,42) (D 42,43,43) (D 43,27,27) (D 27,19,19)
0 1 3 8 2933 1918 14 (D 1,25,25) (D 1,25,25) (D 25,34,34) (D 34,19,19) (D 19,26,26) (D 26,27,27) (D 27,35,35) (D 35,43,43) (D 43,36,36) (D 36,43,43) (D 43,42,42) (D 42,26,26) (D 26,18,18)
0 1 4 5 2511 1851 8 (D 1,7,7) (D 1,7,7) (D 7,8,8) (D 8,9,9) (D 9,17,17) (D 17,8,8) (D 8,10,10)
0 1 5 6 2551 1817 10 (D 1,6,6) (D 1,6,6) (D 6,16,16) (D 16,24,24) (D 24,25,25) (D 25,10,10) (D 10,18,18) (D 18,19,19) (D 19,18,18)
0 1 6 10 3084 1861 19 (D 1,30,30) (D 1,30,30) (D 30,31,31) (D 31,22,22) (D 22,23,23) (D 23,40,40) (D 40,33,33) (D 33,41,41) (D 41,33,33) (D 33,34,34) (D 34,41,41) (D 41,33,33) (D 33,41,41) (D 41,40,40) (D 40,33,33) (D 33,24,24) (D 24,33,33) (D 33,32,32)
0 1 7 7 2662 1891 12 (D 1,16,16) (D 1,16,16) (D 16,23,23) (D 23,31,31) (D 31,32,32) (D 32,24,24) (D 24,33,33) (D 33,31,31) (D 31,30,30) (D 30,15,15) (D 15,14,14)
0 1 8 6 2534 1940 8 (D 1,28,28) (D 1,28,28) (D 28,29,29) (D 29,13,13) (D 13,38,38) (D 38,30,30) (D 30,39,39)
0 1 9 7 2732 1923 14 (D 1,2,2) (D 1,2,2) (D 2,12,12) (D 12,22,22) (D 22,31,31) (D 31,15,15) (D 15,22,22) (D 22,15,15) (D 15,16,16) (D 16,6,6) (D 6,5,5) (D 5,29,29) (D 29,28,28)
0 1 10 7 2527 1903 12 (D 1,11,11) (D 1,11,11) (D 11,20,20) (D 20,12,12) (D 12,20,20) (D 20,28,28) (D 28,37,37) (D 37,28,28) (D 28,21,21) (D 21,29,29) (D 29,30,30)
0 1 11 2 1008 756 6 (D 1,11,11) (D 1,11,11) (D 11,12,12) (D 12,11,11) (D 11,20,20)
0 1 12 7 2230 1778 12 (D 1,2,2) (D 1,2,2) (D 2,4,4) (D 4,5,5) (D 5,6,6) (D 6,5,5) (D 5,4,4) (D 4,5,5) (D 5,6,6) (D 6,2,2) (D 2,1,1)
