724
9
12536
12536
0 1 1 6 84 27 12 (D 1,9,9) (S 2,1,9) (S 34,9,4) (S 9,4,1) (S 2,1,9) (S 34,9,4) (S 30,4,5) (S 31,4,6) (S 35,4,10) (D 10,1,1)
0 1 2 7 92 27 15 (D 1,10,10) (S 6,1,10) (S 28,10,3) (S 8,3,1) (S 17,3,2) (S 24,3,4) (S 27,3,9) (S 20,2,7) (S 47,7,11) (S 23,11,2) (D 2,1,1)
0 1 3 6 69 27 10 (D 1,5,5) (S 1,1,5) (S 28,10,3) (S 33,8,4) (D 4,1,1)
0 1 4 5 67 27 11 (D 1,7,7) (S 12,1,7) (S 26,7,3) (S 25,5,3) (S 28,10,3) (S 29,3,11) (S 38,8,5) (D 5,1,1)
0 1 5 6 63 27 12 (D 1,8,8) (S 3,1,8) (S 21,8,2) (S 7,2,1) (S 1,1,5) (S 10,5,1) (S 3,1,8) (S 21,8,2) (S 18,2,4) (S 31,4,6) (S 43,6,9) (D 9,1,1)
0 1 6 6 102 27 14 (D 1,2,2) (S 22,2,9) (S 21,8,2) (S 19,5,2) (S 18,2,4) (S 32,4,7) (S 45,7,9) (S 34,9,4) (S 35,4,10) (S 44,10,6) (D 6,1,1)
0 1 7 5 90 22 12 (D 1,11,11) (S 5,1,11) (S 36,11,4) (S 31,4,6) (S 41,6,7) (S 42,8,6) (S 46,10,7) (S 48,8,9) (D 9,1,1)
0 1 8 4 82 26 10 (D 1,5,5) (S 1,1,5) (S 39,5,10) (S 37,5,7) (S 47,7,11) (S 40,11,5) (S 50,9,11) (D 11,1,1)
0 1 9 5 75 25 10 (D 1,7,7) (S 12,1,7) (S 47,7,11) (S 45,7,9) (S 47,7,11) (S 49,10,9) (D 9,1,1)
