15985
7
6762
6762
0 1 1 1 320 320 3 (D 1,7,7) (D 1,7,7)
0 1 2 6 2545 1895 12 (D 1,18,18) (D 1,18,18) (D 18,19,19) (D 19,25,25) (D 25,24,24) (D 24,19,19) (D 19,15,15) (D 15,19,19) (D 19,18,18) (D 18,15,15) (D 15,5,5)
0 1 3 7 2713 1921 16 (D 1,16,16) (D 1,16,16) (D 16,21,21) (D 21,20,20) (D 20,21,21) (D 21,20,20) (D 20,10,10) (D 10,21,21) (D 21,22,22) (D 22,14,14) (D 14,18,18) (D 18,17,17) (D 17,18,18) (D 18,23,23) (D 23,17,17)
0 1 4 6 2399 1815 12 (D 1,4,4) (D 1,4,4) (D 4,5,5) (D 5,4,4) (D 4,3,3) (D 3,4,4) (D 4,5,5) (D 5,9,9) (D 9,15,15) (D 15,14,14) (D 14,15,15)
0 1 5 6 2439 1733 14 (D 1,6,6) (D 1,6,6) (D 6,12,12) (D 12,10,10) (D 10,1,1) (D 1,10,10) (D 10,16,16) (D 16,11,11) (D 11,10,10) (D 10,11,11) (D 11,16,16) (D 16,12,12) (D 12,13,13)
0 1 6 8 2964 1926 17 (D 1,2,2) (D 1,2,2) (D 2,7,7) (D 7,4,4) (D 4,9,9) (D 9,16,16) (D 16,9,9) (D 9,14,14) (D 14,22,22) (D 22,23,23) (D 23,17,17) (D 17,13,13) (D 13,18,18) (D 18,14,14) (D 14,22,22) (D 22,16,16)
0 1 7 8 2605 1706 17 (D 1,3,3) (D 1,3,3) (D 3,9,9) (D 9,3,3) (D 3,4,4) (D 4,7,7) (D 7,6,6) (D 6,2,2) (D 2,6,6) (D 6,10,10) (D 10,12,12) (D 12,22,22) (D 22,16,16) (D 16,10,10) (D 10,16,16) (D 16,11,11)
