28132
12
22622
22622
0 1 1 1 403 364 3 (D 1,11,11) (S 9,1,11) (D 11,1,1)
0 1 2 7 2957 1921 13 (D 1,25,25) (S 22,1,25) (S 56,25,26) (S 67,36,43) (S 72,43,36) (S 67,36,43) (S 73,43,42) (S 71,42,43) (S 59,27,19) (D 19,1,1)
0 1 3 8 2933 1918 14 (D 1,25,25) (S 22,1,25) (S 57,25,34) (S 72,43,36) (S 67,36,43) (S 73,43,42) (S 58,26,18) (D 18,1,1)
0 1 4 5 2511 1851 8 (D 1,7,7) (S 5,1,7) (S 47,8,10) (D 10,1,1)
0 1 5 6 2551 1817 10 (D 1,6,6) (S 4,1,6) (S 46,6,16) (S 52,19,18) (D 18,1,1)
0 1 6 10 3084 1861 19 (D 1,30,30) (S 27,1,30) (S 62,30,31) (S 54,22,23) (S 69,41,33) (S 66,33,34) (S 69,41,33) (S 70,41,40) (S 64,33,24) (S 55,24,33) (S 65,33,32) (D 32,1,1)
0 1 7 7 2662 1891 12 (D 1,16,16) (S 13,1,16) (S 55,24,33) (S 63,31,30) (S 50,15,14) (D 14,1,1)
0 1 8 6 2534 1940 8 (D 1,28,28) (S 25,1,28) (D 39,1,1)
0 1 9 7 2732 1923 14 (D 1,2,2) (S 1,1,2) (S 39,2,12) (S 40,22,31) (S 51,15,16) (S 45,6,5) (S 60,29,28) (D 28,1,1)
0 1 10 7 2527 1903 12 (D 1,11,11) (S 9,1,11) (S 49,11,20) (S 53,20,28) (S 68,37,28) (S 61,29,30) (D 30,1,1)
0 1 11 2 1008 756 6 (D 1,11,11) (S 9,1,11) (S 48,11,12) (S 49,11,20) (D 20,1,1)
0 1 12 7 2230 1778 12 (D 1,2,2) (S 1,1,2) (S 44,5,6) (S 45,6,5) (S 43,5,4) (S 44,5,6) (S 42,2,1) (D 1,1,1)
