487
6
2650
2650
0 1 1 1 1 1 4 (D 1,12,12) (S 19,1,12) (S 23,12,13) (D 13,1,1)
0 1 2 5 130 5 11 (D 1,7,7) (S 17,1,7) (S 22,7,8) (S 7,8,10) (S 9,10,11) (S 8,5,11) (S 24,8,11) (D 10,1,1)
0 1 3 5 89 5 9 (D 1,3,3) (S 2,1,3) (S 10,3,5) (S 10,3,5) (S 11,3,13) (D 4,1,1)
0 1 4 3 60 5 6 (D 1,2,2) (S 1,1,2) (S 16,4,13) (D 13,1,1)
0 1 5 5 102 5 10 (D 1,6,6) (S 4,1,6) (S 12,9,10) (S 6,6,7) (S 22,7,8) (S 7,8,10) (D 7,1,1)
0 1 6 5 105 5 11 (D 1,12,12) (S 19,1,12) (S 13,2,3) (S 10,3,5) (S 18,5,13) (S 21,5,6) (S 6,6,7) (S 20,7,12) (D 12,1,1)
