26675
10
19263
19263
0 1 1 1 485 485 3 (D 1,8,8) (S 7,1,8) (D 8,1,1)
0 1 2 7 2788 1814 15 (D 1,20,20) (S 51,20,28) (S 26,27,28) (S 53,22,23) (S 55,23,22) (S 53,22,23) (S 55,23,22) (S 54,22,29) (S 62,29,30) (S 52,21,20) (D 20,1,1)
0 1 3 7 3044 1844 13 (D 1,17,17) (S 12,1,17) (S 24,17,18) (S 49,18,25) (S 59,25,24) (S 57,24,17) (S 58,24,23) (S 48,18,12) (S 49,18,25) (D 25,1,1)
0 1 4 7 3035 1839 14 (D 1,6,6) (S 5,1,6) (S 30,6,12) (S 24,17,18) (S 48,18,12) (S 41,12,11) (S 39,11,10) (S 36,10,4) (S 37,10,16) (S 38,11,5) (D 5,1,1)
0 1 5 7 2908 1795 13 (D 1,21,21) (S 15,1,21) (S 25,19,27) (S 25,19,27) (S 47,16,22) (S 50,20,19) (S 44,14,20) (D 20,1,1)
0 1 6 7 3142 1752 15 (D 1,9,9) (S 35,9,14) (S 30,6,12) (S 39,11,10) (S 37,10,16) (S 45,16,10) (S 37,10,16) (S 46,16,17) (S 40,11,12) (D 12,1,1)
0 1 7 7 2945 1886 13 (D 1,30,30) (S 22,1,30) (S 59,25,24) (S 65,31,32) (S 56,23,26) (S 34,9,8) (D 8,1,1)
0 1 8 7 2686 1684 13 (D 1,7,7) (S 6,1,7) (S 32,7,13) (S 42,13,14) (S 31,7,1) (S 6,1,7) (S 32,7,13) (S 42,13,14) (S 43,14,15) (S 42,13,14) (D 14,1,1)
0 1 9 9 3183 1873 18 (D 1,28,28) (S 21,1,28) (S 54,22,29) (S 27,28,29) (S 62,29,30) (S 63,30,26) (S 64,30,31) (S 56,23,26) (S 60,26,22) (S 61,26,31) (S 33,8,7) (D 7,1,1)
0 1 10 6 2459 1769 9 (D 1,2,2) (S 1,1,2) (S 29,3,4) (S 29,3,4) (D 2,1,1)
