432
10
28642401
28642401
0 1 1 11 38 69 13 (D 1,26,26) (S 12,1,26) (D 25,1,1)
0 1 2 12 52 70 14 (D 1,22,22) (S 9,1,22) (D 38,1,1)
0 1 3 17 59 69 19 (D 1,24,24) (S 11,1,24) (S 67,24,29) (S 88,29,37) (S 89,27,28) (S 77,36,38) (S 60,38,36) (D 27,1,1)
0 1 4 13 44 70 15 (D 1,15,15) (S 6,1,15) (S 45,46,50) (S 91,49,48) (D 46,1,1)
0 1 5 14 49 68 16 (D 1,24,24) (S 11,1,24) (S 79,14,22) (S 33,22,23) (S 107,23,24) (D 15,1,1)
0 1 6 15 76 70 17 (D 1,11,11) (S 4,1,11) (S 44,17,18) (S 66,18,19) (D 31,1,1)
0 1 7 12 50 69 14 (D 1,11,11) (S 4,1,11) (S 27,17,24) (S 25,17,31) (S 72,23,29) (S 37,29,30) (D 12,1,1)
0 1 8 13 33 68 15 (D 1,1,1) (S 8,1,21) (S 52,21,26) (S 35,13,21) (S 71,13,9) (D 9,1,1)
0 1 9 9 18 68 11 (D 1,6,6) (S 1,1,6) (D 16,1,1)
0 1 10 5 13 33 7 (D 1,1,1) (S 2,1,9) (S 117,9,13) (S 86,13,8) (D 8,1,1)
