580
10
39436490
39436490
0 1 1 19 104 75 21 (D 1,1,1) (S 77,37,38) (S 81,38,28) (S 98,45,50) (D 30,1,1)
0 1 2 10 53 71 12 (D 1,16,16) (S 11,1,16) (D 21,1,1)
0 1 3 11 30 75 13 (D 1,6,6) (S 99,1,6) (S 104,6,7) (S 78,9,16) (S 109,31,32) (D 38,1,1)
0 1 4 10 52 69 12 (D 1,3,3) (S 2,1,3) (S 80,41,48) (D 29,1,1)
0 1 5 16 71 72 18 (D 1,30,30) (S 18,1,30) (S 88,30,34) (S 74,44,42) (S 76,49,41) (S 74,44,42) (D 36,1,1)
0 1 6 11 46 74 13 (D 1,6,6) (S 99,1,6) (S 66,26,29) (D 47,1,1)
0 1 7 6 41 74 8 (D 1,5,5) (S 3,1,5) (D 48,1,1)
0 1 8 12 91 73 14 (D 1,20,20) (S 63,33,39) (D 7,1,1)
0 1 9 11 67 71 13 (D 1,20,20) (S 89,13,12) (D 12,1,1)
0 1 10 7 25 44 9 (D 1,2,2) (S 1,1,2) (D 7,1,1)
