305
9
24379770
24379770
0 1 1 8 38 57 10 (D 1,19,19) (D 20,1,1)
0 1 2 13 43 65 15 (D 1,1,1) (S 1,1,2) (S 78,39,38) (S 22,31,38) (S 54,38,37) (S 85,4,3) (D 3,1,1)
0 1 3 14 47 65 16 (D 1,6,6) (S 4,1,6) (S 55,38,39) (S 77,39,5) (S 60,31,30) (D 30,1,1)
0 1 4 12 41 64 14 (D 1,13,13) (S 9,1,13) (S 68,22,21) (S 62,12,6) (D 6,1,1)
0 1 5 8 24 64 10 (D 1,8,8) (S 6,1,8) (D 36,1,1)
0 1 6 10 27 61 12 (D 1,1,1) (S 45,1,40) (S 63,27,28) (D 28,1,1)
0 1 7 7 32 64 9 (D 1,26,26) (S 16,1,26) (D 15,1,1)
0 1 8 4 10 35 6 (D 1,35,35) (S 37,1,35) (S 23,35,36) (D 36,1,1)
0 1 9 8 43 63 10 (D 1,13,13) (S 9,1,13) (S 71,16,15) (S 47,15,9) (S 50,9,8) (S 53,8,9) (D 9,1,1)
