11991
27
370313983
370313983
0 1 1 12 545 232 14 (D 1,1,1) (S 124,72,73) (S 66,25,26) (D 28,1,1)
0 1 2 10 751 235 12 (D 1,8,8) (S 30,1,8) (S 52,6,8) (S 62,20,22) (D 22,1,1)
0 1 3 7 600 227 9 (D 1,21,21) (S 1,1,21) (S 63,20,24) (S 65,24,25) (D 24,1,1)
0 1 4 13 522 222 15 (D 1,57,57) (S 100,53,140) (S 291,140,54) (S 102,54,55) (S 198,55,54) (S 195,54,140) (S 101,49,140) (S 290,140,55) (D 55,1,1)
0 1 5 8 665 233 10 (D 1,44,44) (S 48,1,44) (S 292,27,11) (D 28,1,1)
0 1 6 8 450 230 10 (D 1,35,35) (S 21,1,35) (S 84,38,41) (D 36,1,1)
0 1 7 11 395 233 13 (D 1,58,58) (S 106,58,59) (S 110,59,61) (S 97,48,50) (D 51,1,1)
0 1 8 14 540 235 16 (D 1,112,112) (S 210,64,63) (S 209,63,62) (S 208,62,57) (S 112,57,62) (D 70,1,1)
0 1 9 12 460 234 14 (D 1,114,114) (S 49,1,114) (S 106,58,59) (S 110,59,61) (S 206,61,59) (S 107,59,60) (S 221,74,72) (D 72,1,1)
0 1 10 14 536 235 16 (D 1,83,83) (S 81,38,39) (D 43,1,1)
0 1 11 11 417 233 13 (D 1,87,87) (S 9,1,87) (S 130,76,77) (S 132,77,78) (S 133,78,79) (D 79,1,1)
0 1 12 16 357 230 18 (D 1,138,138) (S 282,134,133) (S 281,133,132) (S 280,132,131) (S 184,131,132) (S 282,134,133) (S 186,133,134) (S 188,134,135) (S 283,135,133) (S 184,131,132) (D 136,1,1)
0 1 13 8 354 234 10 (D 1,102,102) (S 22,1,102) (D 73,1,1)
0 1 14 8 274 235 10 (D 1,138,138) (S 286,137,136) (D 131,1,1)
0 1 15 17 652 232 19 (D 1,60,60) (S 231,81,79) (S 134,79,80) (S 145,89,92) (D 75,1,1)
0 1 16 10 397 221 12 (D 1,123,123) (S 34,1,123) (S 277,129,127) (S 179,3,128) (S 274,128,127) (D 125,1,1)
0 1 17 17 526 233 19 (D 1,68,68) (S 215,69,67) (S 217,71,70) (D 95,1,1)
0 1 18 13 572 235 15 (D 1,80,80) (S 39,1,80) (S 56,12,13) (S 57,13,14) (S 95,33,139) (D 45,1,1)
0 1 19 10 258 232 12 (D 1,126,126) (S 50,1,126) (S 182,126,130) (S 273,127,126) (S 272,126,124) (D 124,1,1)
0 1 20 16 705 235 18 (D 1,96,96) (S 4,1,96) (S 248,99,96) (S 245,96,95) (S 248,99,96) (S 150,96,97) (S 153,97,99) (S 248,99,96) (D 104,1,1)
0 1 21 9 243 215 11 (D 1,107,107) (S 254,107,106) (S 156,104,105) (D 113,1,1)
0 1 22 13 250 234 15 (D 1,108,108) (S 18,1,108) (S 164,110,112) (S 261,112,107) (S 162,107,110) (S 258,110,107) (D 113,1,1)
0 1 23 5 462 231 7 (D 1,120,120) (S 19,1,120) (D 114,1,1)
0 1 24 14 313 231 16 (D 1,122,122) (S 41,1,122) (S 137,80,82) (S 138,82,83) (S 239,86,85) (D 85,1,1)
0 1 25 5 362 232 7 (D 1,114,114) (S 49,1,114) (D 106,1,1)
0 1 26 7 329 235 9 (D 1,2,2) (S 45,1,2) (D 2,1,1)
0 1 27 5 56 96 7 (D 1,117,117) (S 266,117,116) (D 116,1,1)
