597
24
234072515
234072515
0 1 1 12 36 74 14 (D 1,36,36) (S 23,1,36) (S 220,44,42) (S 223,49,44) (S 220,44,42) (D 50,1,1)
0 1 2 10 28 73 12 (D 1,43,43) (S 25,1,43) (D 31,1,1)
0 1 3 8 27 74 10 (D 1,40,40) (S 131,48,49) (D 33,1,1)
0 1 4 9 23 73 11 (D 1,32,32) (S 31,1,32) (S 191,32,28) (S 183,28,25) (S 86,25,28) (S 94,28,32) (D 32,1,1)
0 1 5 9 29 75 11 (D 1,31,31) (S 28,1,31) (S 225,50,45) (D 45,1,1)
0 1 6 10 29 74 12 (D 1,32,32) (S 31,1,32) (S 102,32,38) (S 210,38,37) (S 208,37,36) (S 112,36,42) (D 42,1,1)
0 1 7 11 34 73 13 (D 1,20,20) (S 24,1,20) (S 97,29,39) (S 129,46,47) (S 226,47,46) (D 46,1,1)
0 1 8 15 31 75 17 (D 1,19,19) (S 13,1,19) (S 118,40,47) (S 207,41,35) (S 110,35,41) (S 120,41,48) (S 205,40,34) (S 195,34,30) (D 30,1,1)
0 1 9 8 41 74 10 (D 1,10,10) (S 8,1,10) (S 140,10,4) (D 4,1,1)
0 1 10 9 23 75 11 (D 1,9,9) (S 7,1,9) (S 139,9,3) (S 42,3,9) (S 149,9,8) (D 8,1,1)
0 1 11 11 25 74 13 (D 1,13,13) (S 111,36,37) (D 22,1,1)
0 1 12 9 26 75 11 (D 1,12,12) (S 16,1,12) (S 179,24,23) (S 177,23,22) (D 9,1,1)
0 1 13 8 23 73 10 (D 1,27,27) (S 6,1,27) (S 92,27,35) (D 19,1,1)
0 1 14 12 25 75 14 (D 1,33,33) (S 5,1,33) (S 105,33,40) (S 205,40,34) (S 195,34,30) (S 98,30,34) (D 18,1,1)
0 1 15 9 13 72 11 (D 1,30,30) (S 19,1,30) (S 185,30,26) (S 172,26,19) (S 75,19,26) (D 26,1,1)
0 1 16 10 20 72 12 (D 1,15,15) (S 66,15,16) (S 69,16,24) (S 166,24,16) (S 163,16,15) (S 66,15,16) (D 16,1,1)
0 1 17 10 19 73 12 (D 1,6,6) (S 14,1,6) (S 48,6,12) (S 60,12,13) (S 62,13,14) (S 164,23,15) (S 66,15,16) (S 68,16,17) (D 17,1,1)
0 1 18 8 17 75 10 (D 1,12,12) (S 16,1,12) (S 143,18,5) (S 45,5,11) (D 11,1,1)
0 1 19 11 36 75 13 (D 1,20,20) (S 24,1,20) (S 76,20,21) (S 79,21,27) (S 176,27,21) (S 79,21,27) (S 176,27,21) (S 160,21,13) (S 147,8,7) (D 7,1,1)
0 1 20 9 26 74 11 (D 1,12,12) (S 16,1,12) (S 83,23,31) (S 180,31,23) (S 177,23,22) (S 175,22,21) (S 79,21,27) (D 27,1,1)
0 1 21 9 21 74 11 (D 1,11,11) (S 4,1,11) (S 170,29,18) (D 20,1,1)
0 1 22 9 16 74 11 (D 1,7,7) (S 137,7,2) (S 40,2,7) (S 144,7,6) (S 135,6,1) (D 1,1,1)
0 1 23 2 8 24 4 (D 1,6,6) (S 14,1,6) (D 2,1,1)
0 1 24 11 21 75 13 (D 1,1,1) (S 20,1,5) (S 62,13,14) (S 145,12,6) (D 6,1,1)
