7785
26
75604317
75604317
0 1 1 7 367 1651 9 (D 1,29,29) (S 108,29,30) (S 177,77,66) (D 66,1,1)
0 1 2 10 537 1690 12 (D 1,65,65) (S 51,1,65) (S 171,66,65) (S 168,65,54) (S 153,54,55) (S 154,55,44) (S 117,33,44) (S 153,54,55) (D 55,1,1)
0 1 3 7 284 1623 9 (D 1,19,19) (S 15,1,19) (S 95,19,31) (S 65,31,42) (S 114,32,43) (D 33,1,1)
0 1 4 9 564 1696 11 (D 1,48,48) (S 38,1,48) (S 152,53,54) (S 133,41,40) (D 72,1,1)
0 1 5 8 455 1717 10 (D 1,69,69) (S 55,1,69) (S 133,41,40) (S 131,40,51) (S 166,62,73) (D 73,1,1)
0 1 6 10 408 1707 12 (D 1,21,21) (S 17,1,21) (S 97,21,32) (S 98,22,21) (S 97,21,32) (S 111,31,20) (D 20,1,1)
0 1 7 8 451 1713 10 (D 1,1,1) (S 49,1,63) (S 174,72,71) (S 162,61,72) (S 174,72,71) (D 71,1,1)
0 1 8 6 231 1562 8 (D 1,14,14) (S 10,1,14) (S 160,60,61) (D 61,1,1)
0 1 9 6 304 1656 8 (D 1,30,30) (S 24,1,30) (S 110,30,31) (S 65,31,42) (D 41,1,1)
0 1 10 5 187 1657 7 (D 1,34,34) (S 28,1,34) (S 68,67,68) (S 172,68,69) (D 69,1,1)
0 1 11 7 270 1720 9 (D 1,18,18) (S 14,1,18) (S 90,18,17) (S 89,17,6) (S 75,7,8) (S 81,10,11) (D 11,1,1)
0 1 12 10 444 1713 12 (D 1,50,50) (S 39,1,50) (S 148,50,51) (D 38,1,1)
0 1 13 8 321 1691 10 (D 1,24,24) (S 20,1,24) (S 101,24,25) (D 56,1,1)
0 1 14 6 187 1633 8 (D 1,2,2) (S 1,1,2) (S 138,46,47) (S 139,47,46) (S 138,46,47) (D 47,1,1)
0 1 15 5 137 1637 7 (D 1,3,3) (S 2,1,3) (S 106,27,38) (D 38,1,1)
0 1 16 6 325 1643 8 (D 1,20,20) (S 16,1,20) (D 50,1,1)
0 1 17 6 443 1716 8 (D 1,18,18) (S 14,1,18) (S 93,19,18) (S 146,49,60) (D 76,1,1)
0 1 18 7 205 1715 9 (D 1,17,17) (S 13,1,17) (D 36,1,1)
0 1 19 6 200 1686 8 (D 1,3,3) (S 2,1,3) (S 121,35,46) (S 143,48,59) (D 59,1,1)
0 1 20 7 302 1715 9 (D 1,25,25) (S 21,1,25) (S 105,27,16) (S 87,16,5) (D 7,1,1)
0 1 21 5 118 1400 7 (D 1,23,23) (S 19,1,23) (S 99,23,24) (S 100,24,13) (D 13,1,1)
0 1 22 7 308 1674 9 (D 1,14,14) (S 10,1,14) (S 176,74,63) (D 64,1,1)
0 1 23 6 133 1688 8 (D 1,13,13) (S 9,1,13) (S 83,12,23) (S 64,23,34) (S 66,45,56) (D 56,1,1)
0 1 24 6 179 1546 8 (D 1,14,14) (S 10,1,14) (S 84,14,25) (S 102,25,36) (D 67,1,1)
0 1 25 5 96 1472 7 (D 1,2,2) (S 1,1,2) (D 6,1,1)
0 1 26 4 329 1695 6 (D 1,28,28) (S 23,1,28) (D 46,1,1)
