412
8
3918547
3918547
0 1 1 10 43 58 12 (D 1,36,36) (S 23,1,36) (S 43,5,39) (S 45,38,39) (D 39,1,1)
0 1 2 7 51 65 9 (D 1,36,36) (S 23,1,36) (S 10,1,12) (D 12,1,1)
0 1 3 9 41 65 11 (D 1,10,10) (S 8,1,10) (S 53,10,9) (S 30,2,36) (D 13,1,1)
0 1 4 5 65 65 7 (D 1,26,26) (S 17,1,26) (D 9,1,1)
0 1 5 8 37 64 10 (D 1,35,35) (S 22,1,35) (S 62,15,9) (D 9,1,1)
0 1 6 8 53 64 10 (D 1,11,11) (S 9,1,11) (D 3,1,1)
0 1 7 8 41 65 10 (D 1,35,35) (S 22,1,35) (S 63,37,30) (S 51,30,31) (S 66,3,4) (D 4,1,1)
0 1 8 11 81 65 13 (D 1,36,36) (S 23,1,36) (S 62,15,9) (D 28,1,1)
