463
9
2492196
2492196
0 1 1 1 7 3 3 (D 1,3,3) (S 1,1,3) (D 3,1,1)
0 1 2 8 49 64 10 (D 1,9,9) (S 6,1,9) (S 34,24,27) (D 27,1,1)
0 1 3 9 67 65 11 (D 1,11,11) (S 8,1,11) (S 70,20,21) (D 22,1,1)
0 1 4 5 36 64 7 (D 1,2,2) (S 36,1,2) (D 23,1,1)
0 1 5 9 61 60 11 (D 1,9,9) (S 6,1,9) (S 69,9,10) (S 29,10,19) (D 26,1,1)
0 1 6 7 60 58 9 (D 1,28,28) (S 20,1,28) (S 43,16,13) (D 13,1,1)
0 1 7 8 45 63 10 (D 1,3,3) (S 1,1,3) (S 26,3,10) (S 68,8,13) (S 56,13,8) (D 15,1,1)
0 1 8 11 79 65 13 (D 1,9,9) (S 6,1,9) (D 5,1,1)
0 1 9 9 59 65 11 (D 1,2,2) (S 36,1,2) (S 54,2,9) (S 67,9,15) (S 71,14,17) (D 19,1,1)
