14124
46
84092979
84092979
0 1 1 4 328 125 6 (D 1,51,51) (S 60,23,31) (D 31,1,1)
0 1 2 2 156 110 4 (D 1,58,58) (S 21,1,58) (D 58,1,1)
0 1 3 4 539 126 6 (D 1,32,32) (S 2,1,32) (S 63,32,34) (D 35,1,1)
0 1 4 5 327 120 7 (D 1,58,58) (S 21,1,58) (S 68,37,39) (S 69,39,40) (D 40,1,1)
0 1 5 4 467 121 6 (D 1,33,33) (S 165,38,37) (D 37,1,1)
0 1 6 5 475 129 7 (D 1,73,73) (D 72,1,1)
0 1 7 7 334 128 9 (D 1,41,41) (S 11,1,41) (S 170,41,40) (S 72,40,41) (S 73,41,42) (D 55,1,1)
0 1 8 3 439 130 5 (D 1,32,32) (S 2,1,32) (D 30,1,1)
0 1 9 5 302 119 7 (D 1,65,65) (S 22,1,65) (S 199,64,63) (D 63,1,1)
0 1 10 4 425 130 6 (D 1,35,35) (S 162,35,32) (S 159,32,31) (D 31,1,1)
0 1 11 7 540 129 9 (D 1,4,4) (S 166,39,37) (S 163,36,33) (D 41,1,1)
0 1 12 2 255 127 4 (D 1,76,76) (D 18,1,1)
0 1 13 2 347 130 4 (D 1,18,18) (S 113,18,72) (D 72,1,1)
0 1 14 8 350 128 10 (D 1,51,51) (S 150,75,25) (S 52,25,75) (D 53,1,1)
0 1 15 8 353 126 10 (D 1,54,54) (S 3,1,54) (S 50,22,24) (D 24,1,1)
0 1 16 8 410 130 10 (D 1,51,51) (S 151,26,25) (D 25,1,1)
0 1 17 4 252 129 6 (D 1,43,43) (S 7,1,43) (S 172,43,42) (D 42,1,1)
0 1 18 9 396 128 11 (D 1,26,26) (S 56,26,28) (S 146,22,21) (D 21,1,1)
0 1 19 8 308 129 10 (D 1,52,52) (S 19,1,52) (S 87,52,53) (S 185,53,52) (S 183,52,50) (D 23,1,1)
0 1 20 6 276 127 8 (D 1,10,10) (S 144,20,18) (S 46,18,20) (D 20,1,1)
0 1 21 7 419 124 9 (D 1,18,18) (S 109,71,72) (D 72,1,1)
0 1 22 4 218 129 6 (D 1,58,58) (S 21,1,58) (D 67,1,1)
0 1 23 6 269 124 8 (D 1,49,49) (S 83,49,50) (D 48,1,1)
0 1 24 4 385 112 6 (D 1,62,62) (D 65,1,1)
0 1 25 4 212 110 6 (D 1,60,60) (S 8,1,60) (S 99,60,62) (D 62,1,1)
0 1 26 6 285 128 8 (D 1,46,46) (S 1,1,46) (D 47,1,1)
0 1 27 3 176 126 5 (D 1,2,2) (S 4,1,2) (S 78,44,46) (D 46,1,1)
0 1 28 5 304 128 7 (D 1,12,12) (S 116,12,76) (S 47,19,21) (D 21,1,1)
0 1 29 5 303 120 7 (D 1,2,2) (S 4,1,2) (D 12,1,1)
0 1 30 4 318 129 6 (D 1,43,43) (S 7,1,43) (D 57,1,1)
0 1 31 4 332 129 6 (D 1,58,58) (S 21,1,58) (S 196,61,60) (D 56,1,1)
0 1 32 2 187 98 4 (D 1,9,9) (S 17,1,9) (D 11,1,1)
0 1 33 2 288 127 4 (D 1,35,35) (S 70,35,39) (D 39,1,1)
0 1 34 4 293 128 6 (D 1,9,9) (S 17,1,9) (S 219,59,44) (D 44,1,1)
0 1 35 3 187 125 5 (D 1,9,9) (S 17,1,9) (D 11,1,1)
0 1 36 6 321 130 8 (D 1,7,7) (S 32,7,8) (S 133,11,10) (D 10,1,1)
0 1 37 4 311 114 6 (D 1,66,66) (S 6,1,66) (D 56,1,1)
0 1 38 2 49 107 4 (D 1,1,1) (D 4,1,1)
0 1 39 10 536 130 12 (D 1,7,7) (S 42,15,17) (S 140,17,15) (S 138,15,14) (S 217,77,76) (D 5,1,1)
0 1 40 8 301 130 10 (D 1,2,2) (S 4,1,2) (S 39,13,14) (S 40,14,15) (S 41,13,77) (D 77,1,1)
0 1 41 4 153 124 6 (D 1,5,5) (S 5,1,5) (D 5,1,1)
0 1 42 4 363 128 6 (D 1,60,60) (S 8,1,60) (D 24,1,1)
0 1 43 5 243 129 7 (D 1,45,45) (S 174,45,44) (S 78,44,46) (D 48,1,1)
0 1 44 3 124 118 5 (D 1,69,69) (D 69,1,1)
0 1 45 5 219 129 7 (D 1,3,3) (S 121,44,59) (D 59,1,1)
0 1 46 2 49 88 4 (D 1,2,2) (S 4,1,2) (S 28,2,4) (D 4,1,1)
