220
10
846874
846874
0 1 1 5 40 24 7 (D 1,26,26) (D 25,1,1)
0 1 2 4 20 24 6 (D 1,14,14) (S 6,1,14) (S 32,14,16) (D 16,1,1)
0 1 3 6 15 27 8 (D 1,8,8) (S 5,1,8) (S 12,8,24) (D 23,1,1)
0 1 4 5 18 27 7 (D 1,4,4) (S 2,1,4) (S 26,4,10) (S 36,6,7) (D 9,1,1)
0 1 5 4 7 23 6 (D 1,27,27) (S 17,1,27) (D 27,1,1)
0 1 6 5 27 26 7 (D 1,12,12) (D 6,1,1)
0 1 7 6 35 27 8 (D 1,19,19) (S 29,1,19) (D 19,1,1)
0 1 8 6 33 27 8 (D 1,2,2) (S 1,1,2) (S 33,13,15) (D 15,1,1)
0 1 9 2 7 27 4 (D 1,4,4) (S 2,1,4) (S 40,4,19) (D 19,1,1)
0 1 10 3 18 26 5 (D 1,24,24) (S 11,1,24) (S 22,3,6) (D 6,1,1)
