514
10
22722021
22722021
0 1 1 9 52 74 11 (D 1,12,12) (S 40,12,20) (S 43,20,21) (D 46,1,1)
0 1 2 16 111 75 18 (D 1,8,8) (S 3,1,8) (D 10,1,1)
0 1 3 8 31 60 10 (D 1,1,1) (S 45,15,23) (D 28,1,1)
0 1 4 10 47 75 12 (D 1,7,7) (S 61,16,24) (D 45,1,1)
0 1 5 9 50 75 11 (D 1,43,43) (S 29,1,43) (S 39,44,49) (D 38,1,1)
0 1 6 12 60 75 14 (D 1,1,1) (S 8,1,15) (S 89,31,23) (S 73,23,22) (S 63,22,21) (D 21,1,1)
0 1 7 11 23 70 13 (D 1,26,26) (S 16,1,26) (S 79,30,26) (D 29,1,1)
0 1 8 13 63 72 15 (D 1,13,13) (S 6,1,13) (S 98,19,26) (S 48,11,19) (D 25,1,1)
0 1 9 10 60 70 12 (D 1,6,6) (S 2,1,6) (S 54,3,4) (D 6,1,1)
0 1 10 4 17 43 6 (D 1,6,6) (S 2,1,6) (D 13,1,1)
