558
8
11361721
11361721
0 1 1 10 38 75 12 (D 1,2,2) (S 1,1,2) (S 60,4,10) (D 6,1,1)
0 1 2 7 43 74 9 (D 1,14,14) (S 7,1,14) (D 19,1,1)
0 1 3 9 64 71 11 (D 1,15,15) (S 8,1,15) (S 40,38,39) (S 74,39,36) (D 33,1,1)
0 1 4 11 90 71 13 (D 1,16,16) (S 72,41,40) (D 24,1,1)
0 1 5 15 104 74 17 (D 1,19,19) (S 10,1,19) (S 80,20,27) (D 23,1,1)
0 1 6 12 80 72 14 (D 1,31,31) (S 18,1,31) (S 61,34,29) (S 36,8,9) (D 2,1,1)
0 1 7 12 119 72 14 (D 1,11,11) (S 86,11,12) (S 36,8,9) (D 15,1,1)
0 1 8 4 20 46 6 (D 1,1,1) (S 5,1,9) (D 17,1,1)
