535
9
9721660
9721660
0 1 1 10 81 74 12 (D 1,10,10) (D 16,1,1)
0 1 2 14 88 74 16 (D 1,10,10) (S 39,10,11) (S 27,28,33) (S 46,33,32) (S 45,32,33) (D 23,1,1)
0 1 3 10 66 72 12 (D 1,11,11) (S 5,1,11) (S 35,4,10) (S 20,23,28) (D 28,1,1)
0 1 4 13 61 74 15 (D 1,9,9) (S 4,1,9) (S 34,26,27) (S 49,27,32) (S 62,32,31) (S 75,31,32) (D 30,1,1)
0 1 5 7 20 75 9 (D 1,1,1) (S 8,1,18) (S 44,18,12) (S 31,12,19) (D 19,1,1)
0 1 6 10 47 75 12 (D 1,7,7) (S 3,1,7) (S 73,14,20) (S 79,20,14) (D 15,1,1)
0 1 7 11 96 75 13 (D 1,15,15) (S 7,1,15) (S 52,15,21) (S 52,15,21) (D 6,1,1)
0 1 8 8 63 70 10 (D 1,2,2) (S 1,1,2) (S 8,1,18) (D 18,1,1)
0 1 9 2 13 25 4 (D 1,7,7) (S 3,1,7) (S 42,7,13) (D 13,1,1)
