472
9
44795368
44795368
0 1 1 11 46 73 13 (D 1,1,1) (S 4,1,6) (S 71,46,47) (S 34,33,40) (S 90,33,39) (D 39,1,1)
0 1 2 12 66 75 14 (D 1,9,9) (S 6,1,9) (S 80,10,17) (S 50,24,25) (D 25,1,1)
0 1 3 11 59 70 13 (D 1,22,22) (S 17,1,22) (S 95,45,43) (S 63,35,41) (S 94,41,48) (S 104,48,41) (D 50,1,1)
0 1 4 17 77 75 19 (D 1,12,12) (S 8,1,12) (S 112,49,50) (S 109,50,45) (S 95,45,43) (S 57,38,43) (S 108,34,30) (D 49,1,1)
0 1 5 11 43 69 13 (D 1,23,23) (S 18,1,23) (S 62,23,31) (S 48,13,21) (D 20,1,1)
0 1 6 17 68 75 19 (D 1,6,6) (S 4,1,6) (S 46,9,15) (S 109,50,45) (S 95,45,43) (S 64,44,42) (D 30,1,1)
0 1 7 13 38 71 15 (D 1,14,14) (S 10,1,14) (S 47,18,19) (S 86,18,29) (D 29,1,1)
0 1 8 12 23 71 14 (D 1,6,6) (S 4,1,6) (S 114,12,13) (S 48,13,21) (S 67,22,31) (S 74,37,36) (D 36,1,1)
0 1 9 12 52 74 14 (D 1,6,6) (S 4,1,6) (S 68,42,36) (S 37,26,34) (D 11,1,1)
