483
7
101570215
101570215
0 1 1 24 83 194 26 (D 1,30,30) (S 8,1,30) (S 112,38,4) (S 45,4,5) (S 156,39,32) (S 90,32,39) (S 156,39,32) (S 90,32,39) (S 87,31,32) (S 45,4,5) (S 161,38,37) (S 152,37,30) (S 149,30,29) (D 29,1,1)
0 1 2 26 87 196 28 (D 1,22,22) (S 1,1,22) (S 70,20,21) (S 72,21,22) (S 138,22,21) (S 142,25,24) (S 68,18,19) (S 134,19,18) (D 18,1,1)
0 1 3 21 93 195 23 (D 1,16,16) (S 122,16,10) (S 64,14,15) (S 99,8,1) (S 56,10,16) (S 131,16,15) (D 15,1,1)
0 1 4 28 59 200 30 (D 1,7,7) (S 5,1,7) (S 109,7,3) (S 42,3,4) (S 126,17,12) (S 60,12,17) (S 127,17,13) (S 62,13,18) (S 128,18,13) (S 116,13,7) (S 127,17,13) (S 125,13,12) (S 59,12,13) (S 116,13,7) (S 115,12,6) (D 6,1,1)
0 1 5 18 64 199 20 (D 1,1,1) (S 23,1,33) (S 144,33,26) (S 146,28,27) (S 80,27,28) (S 146,28,27) (S 158,35,34) (S 147,34,27) (S 91,33,34) (S 146,28,27) (S 81,27,34) (D 34,1,1)
0 1 6 25 60 197 27 (D 1,1,1) (S 16,1,34) (S 157,34,33) (S 41,2,36) (S 107,36,2) (S 41,2,36) (S 94,36,37) (S 110,37,3) (S 161,38,37) (S 154,37,31) (S 88,31,37) (S 160,37,36) (S 159,36,35) (D 35,1,1)
0 1 7 20 37 191 22 (D 1,11,11) (S 14,1,11) (S 40,2,6) (S 103,35,1) (S 38,1,40) (S 119,40,8) (S 99,8,1) (S 10,1,6) (D 6,1,1)
