379
10
9753693
9753693
0 1 1 11 48 65 13 (D 1,39,39) (S 23,1,39) (S 58,38,37) (S 53,31,37) (S 47,37,30) (D 30,1,1)
0 1 2 14 87 65 16 (D 1,18,18) (S 13,1,18) (S 52,21,20) (S 26,20,23) (D 6,1,1)
0 1 3 12 47 65 14 (D 1,6,6) (S 4,1,6) (S 77,3,37) (D 37,1,1)
0 1 4 6 42 64 8 (D 1,26,26) (S 16,1,26) (S 76,26,33) (S 40,33,34) (D 28,1,1)
0 1 5 6 30 46 8 (D 1,28,28) (S 69,28,27) (D 35,1,1)
0 1 6 7 48 64 9 (D 1,17,17) (S 12,1,17) (D 7,1,1)
0 1 7 9 25 65 11 (D 1,16,16) (S 11,1,16) (D 40,1,1)
0 1 8 2 4 21 4 (D 1,8,8) (S 6,1,8) (D 8,1,1)
0 1 9 7 23 49 9 (D 1,11,11) (S 8,1,11) (D 14,1,1)
0 1 10 8 25 55 10 (D 1,2,2) (S 1,1,2) (S 31,2,36) (D 40,1,1)
