382
9
5121656
5121656
0 1 1 6 23 48 8 (D 1,12,12) (S 9,1,12) (D 18,1,1)
0 1 2 11 86 65 13 (D 1,16,16) (S 11,1,16) (D 11,1,1)
0 1 3 10 28 61 12 (D 1,36,36) (S 25,1,36) (S 31,31,38) (S 73,37,30) (D 30,1,1)
0 1 4 7 46 64 9 (D 1,28,28) (S 18,1,28) (S 43,33,34) (D 3,1,1)
0 1 5 11 63 64 13 (D 1,25,25) (S 64,24,21) (S 71,21,22) (D 12,1,1)
0 1 6 4 28 58 6 (D 1,11,11) (S 8,1,11) (S 40,26,27) (D 27,1,1)
0 1 7 4 20 31 6 (D 1,10,10) (S 32,1,10) (S 74,10,9) (D 40,1,1)
0 1 8 10 33 65 12 (D 1,2,2) (S 1,1,2) (S 52,2,6) (D 3,1,1)
0 1 9 9 55 62 11 (D 1,35,35) (S 24,1,35) (S 29,1,40) (D 40,1,1)
