243
8
3176902
3176902
0 1 1 4 37 47 6 (D 1,8,8) (S 23,8,9) (D 20,1,1)
0 1 2 7 29 48 9 (D 1,1,1) (S 22,1,31) (S 30,21,22) (D 21,1,1)
0 1 3 7 30 49 9 (D 1,1,1) (S 7,1,10) (S 39,5,31) (D 10,1,1)
0 1 4 7 28 45 9 (D 1,31,31) (S 22,1,31) (S 60,18,19) (S 59,19,18) (D 18,1,1)
0 1 5 9 34 49 11 (D 1,27,27) (S 20,1,27) (S 58,17,11) (D 11,1,1)
0 1 6 8 34 46 10 (D 1,11,11) (S 8,1,11) (S 26,4,13) (D 4,1,1)
0 1 7 9 28 47 11 (D 1,2,2) (S 1,1,2) (S 52,5,6) (S 54,6,11) (D 26,1,1)
0 1 8 4 23 44 6 (D 1,2,2) (S 1,1,2) (S 49,30,29) (D 3,1,1)
