371
9
9020768
9020768
0 1 1 12 36 64 14 (D 1,2,2) (S 1,1,2) (S 68,6,12) (S 55,12,6) (S 47,4,3) (D 3,1,1)
0 1 2 8 40 65 10 (D 1,18,18) (S 11,1,18) (S 30,22,25) (D 24,1,1)
0 1 3 9 46 59 11 (D 1,8,8) (S 4,1,8) (S 70,8,9) (D 40,1,1)
0 1 4 7 28 52 9 (D 1,15,15) (S 10,1,15) (S 53,15,16) (S 74,35,34) (D 34,1,1)
0 1 5 14 44 63 16 (D 1,3,3) (S 35,3,7) (S 28,7,13) (S 30,22,25) (S 76,17,13) (S 40,13,19) (D 7,1,1)
0 1 6 14 54 64 16 (D 1,37,37) (S 21,1,37) (S 34,4,38) (D 31,1,1)
0 1 7 7 22 54 9 (D 1,33,33) (S 18,1,33) (S 63,27,28) (D 34,1,1)
0 1 8 8 68 64 10 (D 1,35,35) (S 20,1,35) (S 69,11,1) (D 1,1,1)
0 1 9 5 33 54 7 (D 1,10,10) (S 31,1,10) (S 51,10,9) (S 24,26,27) (D 27,1,1)
