13097
28
163917087
163917087
0 1 1 7 572 1757 9 (D 1,60,60) (D 124,1,1)
0 1 2 8 495 1738 10 (D 1,32,32) (S 70,110,111) (S 186,99,98) (D 98,1,1)
0 1 3 9 484 1688 11 (D 1,44,44) (S 210,121,120) (S 178,94,107) (S 198,107,106) (D 106,1,1)
0 1 4 10 776 1729 12 (D 1,107,107) (S 48,1,107) (S 201,111,112) (D 79,1,1)
0 1 5 7 526 1756 9 (D 1,55,55) (D 104,1,1)
0 1 6 11 658 1747 13 (D 1,41,41) (S 171,87,86) (S 160,74,62) (S 141,59,69) (D 69,1,1)
0 1 7 8 443 1755 10 (D 1,51,51) (S 130,53,52) (S 129,52,62) (D 73,1,1)
0 1 8 10 685 1745 12 (D 1,4,4) (S 145,62,61) (D 39,1,1)
0 1 9 11 557 1687 13 (D 1,46,46) (S 17,1,46) (S 204,115,102) (S 188,102,101) (S 189,102,115) (D 103,1,1)
0 1 10 7 456 1714 9 (D 1,43,43) (S 193,104,117) (D 120,1,1)
0 1 11 8 669 1706 10 (D 1,32,32) (S 161,75,63) (D 63,1,1)
0 1 12 6 380 1721 8 (D 1,71,71) (S 31,1,71) (S 155,71,70) (D 94,1,1)
0 1 13 9 527 1744 11 (D 1,13,13) (D 56,1,1)
0 1 14 7 571 1757 9 (D 1,59,59) (S 24,1,59) (D 93,1,1)
0 1 15 5 377 1680 7 (D 1,12,12) (S 4,1,12) (S 102,31,30) (D 29,1,1)
0 1 16 6 322 1715 8 (D 1,46,46) (S 17,1,46) (S 64,57,67) (D 67,1,1)
0 1 17 7 562 1708 9 (D 1,47,47) (S 18,1,47) (S 151,66,67) (D 31,1,1)
0 1 18 7 495 1679 9 (D 1,108,108) (S 69,109,122) (D 107,1,1)
0 1 19 8 501 1753 10 (D 1,88,88) (S 38,1,88) (S 172,88,76) (D 91,1,1)
0 1 20 6 291 1738 8 (D 1,26,26) (S 8,1,26) (D 36,1,1)
0 1 21 8 610 1753 10 (D 1,31,31) (S 11,1,31) (S 76,7,20) (D 50,1,1)
0 1 22 8 542 1750 10 (D 1,8,8) (D 49,1,1)
0 1 23 8 304 1749 10 (D 1,5,5) (D 27,1,1)
0 1 24 8 386 1740 10 (D 1,59,59) (S 24,1,59) (S 141,59,69) (S 153,69,59) (S 140,59,68) (D 38,1,1)
0 1 25 6 160 1723 8 (D 1,24,24) (S 7,1,24) (S 95,24,25) (S 106,37,25) (D 36,1,1)
0 1 26 5 286 1711 7 (D 1,6,6) (D 27,1,1)
0 1 27 6 280 1735 8 (D 1,23,23) (S 6,1,23) (D 105,1,1)
0 1 28 6 182 1694 8 (D 1,2,2) (S 1,1,2) (S 81,14,24) (D 2,1,1)
