522
10
2782923
2782923
0 1 1 7 57 65 9 (D 1,22,22) (S 48,22,21) (D 30,1,1)
0 1 2 7 70 63 9 (D 1,8,8) (S 5,1,8) (D 29,1,1)
0 1 3 9 69 61 11 (D 1,26,26) (S 17,1,26) (S 21,26,30) (S 31,17,18) (D 29,1,1)
0 1 4 7 64 63 9 (D 1,22,22) (D 11,1,1)
0 1 5 8 72 65 10 (D 1,9,9) (S 6,1,9) (D 8,1,1)
0 1 6 8 86 64 10 (D 1,14,14) (S 9,1,14) (S 36,8,13) (D 25,1,1)
0 1 7 6 26 64 8 (D 1,15,15) (S 10,1,15) (S 30,15,19) (D 15,1,1)
0 1 8 5 20 33 7 (D 1,2,2) (S 1,1,2) (D 2,1,1)
0 1 9 6 46 65 8 (D 1,2,2) (S 1,1,2) (S 29,5,8) (D 8,1,1)
0 1 10 2 12 23 4 (D 1,9,9) (S 6,1,9) (S 64,9,15) (D 15,1,1)
