405
9
9374710
9374710
0 1 1 8 47 63 10 (D 1,5,5) (S 22,1,5) (D 22,1,1)
0 1 2 14 58 65 16 (D 1,4,4) (S 2,1,4) (S 35,4,6) (S 19,16,21) (S 76,25,30) (S 57,30,29) (D 29,1,1)
0 1 3 7 27 65 9 (D 1,9,9) (S 6,1,9) (S 33,15,19) (D 9,1,1)
0 1 4 6 42 63 8 (D 1,2,2) (S 1,1,2) (D 24,1,1)
0 1 5 7 51 62 9 (D 1,12,12) (S 61,20,16) (S 23,24,27) (D 27,1,1)
0 1 6 9 23 63 11 (D 1,8,8) (S 5,1,8) (S 53,8,14) (S 65,14,17) (S 31,17,22) (D 22,1,1)
0 1 7 12 72 62 14 (D 1,2,2) (S 1,1,2) (S 48,14,13) (S 75,7,12) (S 17,12,13) (D 21,1,1)
0 1 8 11 78 63 13 (D 1,10,10) (S 7,1,10) (S 78,22,21) (S 39,21,29) (S 51,3,2) (D 2,1,1)
0 1 9 2 7 34 4 (D 1,8,8) (S 5,1,8) (D 8,1,1)
