4082
24
11721627
11721627
0 1 1 1 28 658 3 (D 1,11,11) (S 12,1,11) (D 11,1,1)
0 1 2 1 28 528 3 (D 1,11,11) (S 12,1,11) (D 11,1,1)
0 1 3 6 288 1427 8 (D 1,27,27) (S 49,27,28) (S 51,28,41) (S 77,41,53) (D 53,1,1)
0 1 4 5 304 1464 7 (D 1,16,16) (S 31,16,28) (S 51,28,41) (D 40,1,1)
0 1 5 5 235 1385 7 (D 1,24,24) (S 73,39,51) (D 51,1,1)
0 1 6 5 249 1469 7 (D 1,25,25) (S 3,1,25) (S 46,25,38) (S 69,38,39) (S 73,39,51) (D 51,1,1)
0 1 7 2 179 1286 4 (D 1,36,36) (S 64,36,37) (D 37,1,1)
0 1 8 4 187 1281 6 (D 1,49,49) (D 49,1,1)
0 1 9 4 254 1464 6 (D 1,23,23) (D 40,1,1)
0 1 10 6 220 1455 8 (D 1,22,22) (S 70,38,50) (D 50,1,1)
0 1 11 6 258 1450 8 (D 1,45,45) (S 9,1,45) (S 96,47,48) (S 65,36,48) (D 35,1,1)
0 1 12 4 188 1439 6 (D 1,6,6) (S 1,1,6) (S 19,6,7) (S 86,7,8) (D 8,1,1)
0 1 13 5 244 1413 7 (D 1,21,21) (S 64,36,37) (D 52,1,1)
0 1 14 4 140 1370 6 (D 1,10,10) (S 11,1,10) (S 22,10,11) (D 45,1,1)
0 1 15 3 110 1161 5 (D 1,20,20) (S 38,20,33) (D 33,1,1)
0 1 16 3 119 1407 5 (D 1,30,30) (D 31,1,1)
0 1 17 3 157 1316 5 (D 1,22,22) (D 14,1,1)
0 1 18 4 116 1248 6 (D 1,29,29) (S 4,1,29) (S 53,29,42) (D 44,1,1)
0 1 19 7 207 1434 9 (D 1,19,19) (S 62,34,46) (S 95,46,45) (D 45,1,1)
0 1 20 5 115 1465 7 (D 1,19,19) (S 36,19,31) (S 56,31,44) (D 43,1,1)
0 1 21 4 132 1428 6 (D 1,4,4) (S 28,13,20) (S 38,20,33) (D 33,1,1)
0 1 22 4 149 1252 6 (D 1,2,2) (S 13,2,3) (S 17,5,6) (D 6,1,1)
0 1 23 5 118 1453 7 (D 1,12,12) (S 27,12,19) (D 17,1,1)
0 1 24 2 57 1204 4 (D 1,17,17) (S 2,1,17) (S 33,17,29) (D 29,1,1)
