3525
11
4338496
4338496
0 1 1 8 451 1514 10 (D 15,41,41) (S 16,15,41) (S 63,41,42) (D 29,15,15)
0 1 2 7 364 1455 9 (D 15,34,34) (S 62,39,38) (D 20,15,15)
0 1 3 5 264 1424 7 (D 15,20,20) (D 7,15,15)
0 1 4 4 190 1514 6 (D 15,4,4) (S 3,15,4) (D 2,15,15)
0 1 5 7 450 1539 9 (D 15,18,18) (S 9,15,18) (S 35,6,5) (D 22,15,15)
0 1 6 6 285 1433 8 (D 15,31,31) (S 13,15,31) (S 52,31,25) (D 27,15,15)
0 1 7 6 218 1383 8 (D 15,10,10) (S 22,11,12) (D 12,15,15)
0 1 8 5 445 1372 7 (D 15,1,1) (S 1,15,1) (S 33,1,7) (D 32,15,15)
0 1 9 7 486 1516 9 (D 15,14,14) (S 8,15,14) (D 21,15,15)
0 1 10 4 144 1160 6 (D 15,33,33) (S 54,33,39) (D 39,15,15)
0 1 11 4 228 1428 6 (D 15,16,16) (D 41,15,15)
