504
6
4886446
4886446
0 1 1 1 0 3 3 (D 1,1,1) (D 1,1,1)
0 1 2 20 87 129 22 (D 1,22,22) (S 17,1,22) (S 22,22,23) (S 69,23,28) (S 30,28,33) (S 82,33,34) (S 30,28,33) (S 85,33,32) (S 48,32,27) (S 49,23,24) (S 74,22,21) (D 21,1,1)
0 1 3 19 99 124 21 (D 1,26,26) (S 44,30,31) (S 76,31,32) (S 48,32,27) (S 35,20,19) (S 53,19,25) (S 77,25,30) (D 21,1,1)
0 1 4 16 128 130 18 (D 1,3,3) (S 2,1,3) (S 21,3,10) (S 73,11,4) (S 21,3,10) (D 14,1,1)
0 1 5 18 84 127 20 (D 1,8,8) (S 7,1,8) (S 61,8,2) (S 62,2,13) (S 25,9,10) (S 34,15,14) (D 7,1,1)
0 1 6 13 106 101 15 (D 1,18,18) (S 23,12,19) (S 65,29,18) (S 50,18,29) (D 6,1,1)
