178
10
532047
532047
0 1 1 5 16 24 7 (D 1,19,19) (S 11,1,19) (D 16,1,1)
0 1 2 4 28 25 6 (D 1,8,8) (S 6,1,8) (D 6,1,1)
0 1 3 5 24 27 7 (D 1,27,27) (S 40,1,27) (S 22,21,25) (D 25,1,1)
0 1 4 4 18 23 6 (D 1,3,3) (S 2,1,3) (S 27,3,6) (D 7,1,1)
0 1 5 5 17 27 7 (D 1,26,26) (D 25,1,1)
0 1 6 6 17 26 8 (D 1,13,13) (S 7,1,13) (S 39,13,14) (S 41,14,20) (S 33,20,21) (D 21,1,1)
0 1 7 4 21 26 6 (D 1,4,4) (S 3,1,4) (D 26,1,1)
0 1 8 2 7 25 4 (D 1,4,4) (S 3,1,4) (S 16,4,19) (D 19,1,1)
0 1 9 3 18 24 5 (D 1,15,15) (S 31,1,15) (D 18,1,1)
0 1 10 2 12 20 4 (D 1,24,24) (S 14,1,24) (D 8,1,1)
