408
10
50037129
50037129
0 1 1 11 57 66 13 (D 1,21,21) (S 12,1,21) (S 106,34,35) (S 80,35,43) (S 104,43,48) (D 43,1,1)
0 1 2 17 27 68 19 (D 1,1,1) (S 82,1,9) (S 107,23,24) (S 85,24,23) (S 88,28,27) (S 71,26,25) (D 33,1,1)
0 1 3 13 47 66 15 (D 1,18,18) (S 11,1,18) (S 91,12,7) (S 50,3,6) (D 6,1,1)
0 1 4 13 30 70 15 (D 1,16,16) (S 9,1,16) (S 95,31,32) (S 112,32,31) (S 77,39,30) (D 29,1,1)
0 1 5 11 38 70 13 (D 1,10,10) (S 105,1,10) (S 72,10,17) (S 96,17,30) (S 77,39,30) (S 79,30,24) (S 65,45,44) (S 98,44,43) (D 43,1,1)
0 1 6 12 41 69 14 (D 1,23,23) (S 14,1,23) (S 44,36,44) (S 64,44,37) (S 115,36,38) (D 38,1,1)
0 1 7 9 52 67 11 (D 1,22,22) (S 13,1,22) (D 48,1,1)
0 1 8 11 59 70 13 (D 1,5,5) (S 3,1,5) (D 14,1,1)
0 1 9 14 47 69 16 (D 1,16,16) (S 9,1,16) (S 113,27,35) (S 55,35,36) (S 48,11,18) (D 18,1,1)
0 1 10 2 10 30 4 (D 1,16,16) (S 9,1,16) (D 24,1,1)
