3238
12
6019491
6019491
0 1 1 1 61 439 3 (D 1,20,20) (S 17,1,20) (D 20,1,1)
0 1 2 7 397 1864 9 (D 1,39,39) (S 34,1,39) (S 71,42,43) (D 26,1,1)
0 1 3 8 367 1930 10 (D 1,10,10) (S 8,1,10) (D 18,1,1)
0 1 4 5 320 1851 7 (D 1,7,7) (S 5,1,7) (S 47,8,10) (D 10,1,1)
0 1 5 6 278 1946 8 (D 1,6,6) (S 4,1,6) (S 46,6,16) (S 58,26,18) (D 18,1,1)
0 1 6 10 331 1809 12 (D 1,12,12) (S 10,1,12) (S 66,33,34) (S 64,33,24) (D 23,1,1)
0 1 7 7 403 1935 9 (D 1,38,38) (S 33,1,38) (S 70,41,40) (D 40,1,1)
0 1 8 6 234 1895 8 (D 1,28,28) (S 25,1,28) (S 61,29,30) (D 40,1,1)
0 1 9 7 250 1791 9 (D 1,1,1) (S 10,1,12) (S 51,15,16) (D 25,1,1)
0 1 10 7 196 1896 9 (D 1,11,11) (S 9,1,11) (S 49,11,20) (S 53,20,28) (D 30,1,1)
0 1 11 2 171 927 4 (D 1,13,13) (S 11,1,13) (D 22,1,1)
0 1 12 7 230 1640 9 (D 1,2,2) (S 1,1,2) (S 43,5,4) (D 31,1,1)
