9491
28
12434598
12434598
0 1 1 2 160 117 4 (D 1,59,59) (S 17,1,59) (D 58,1,1)
0 1 2 5 671 127 7 (D 1,36,36) (D 27,1,1)
0 1 3 4 507 129 6 (D 1,38,38) (D 40,1,1)
0 1 4 6 273 126 8 (D 1,9,9) (S 24,1,9) (D 77,1,1)
0 1 5 2 407 117 4 (D 1,74,74) (D 72,1,1)
0 1 6 5 322 123 7 (D 1,24,24) (S 22,1,24) (S 63,25,29) (D 29,1,1)
0 1 7 5 313 125 7 (D 1,12,12) (S 20,1,12) (S 44,13,14) (S 45,14,15) (S 48,15,18) (D 18,1,1)
0 1 8 6 364 126 8 (D 1,67,67) (S 7,1,67) (S 78,41,42) (S 79,42,43) (D 56,1,1)
0 1 9 9 403 124 11 (D 1,24,24) (S 22,1,24) (S 61,26,28) (D 51,1,1)
0 1 10 4 234 119 6 (D 1,10,10) (D 20,1,1)
0 1 11 8 244 119 10 (D 1,51,51) (S 27,1,51) (D 54,1,1)
0 1 12 3 273 108 5 (D 1,66,66) (S 109,66,68) (D 68,1,1)
0 1 13 7 602 127 9 (D 1,76,76) (S 10,1,76) (S 116,72,73) (D 76,1,1)
0 1 14 3 365 124 5 (D 1,57,57) (S 18,1,57) (D 43,1,1)
0 1 15 8 665 130 10 (D 1,49,49) (S 74,39,40) (S 77,40,41) (D 52,1,1)
0 1 16 4 238 116 6 (D 1,54,54) (S 8,1,54) (D 50,1,1)
0 1 17 4 254 117 6 (D 1,67,67) (S 7,1,67) (D 56,1,1)
0 1 18 5 374 127 7 (D 1,63,63) (S 107,63,65) (D 62,1,1)
0 1 19 3 467 118 5 (D 1,62,62) (S 6,1,62) (S 128,62,67) (D 34,1,1)
0 1 20 6 262 129 8 (D 1,69,69) (S 85,47,48) (D 46,1,1)
0 1 21 5 356 122 7 (D 1,6,6) (S 42,12,16) (D 77,1,1)
0 1 22 3 152 121 5 (D 1,3,3) (D 69,1,1)
0 1 23 4 361 117 6 (D 1,19,19) (S 81,44,45) (D 45,1,1)
0 1 24 4 232 129 6 (D 1,2,2) (S 31,1,2) (S 103,60,61) (D 61,1,1)
0 1 25 3 135 123 5 (D 1,4,4) (D 59,1,1)
0 1 26 4 302 129 6 (D 1,8,8) (S 3,1,8) (D 48,1,1)
0 1 27 4 368 129 6 (D 1,5,5) (D 57,1,1)
0 1 28 2 187 126 4 (D 1,45,45) (S 11,1,45) (D 44,1,1)
