2690
8
2616513
2616513
0 1 1 11 634 1720 13 (D 21,10,10) (S 11,10,4) (S 3,4,5) (S 4,5,11) (D 13,21,21)
0 1 2 8 203 1621 10 (D 21,21,21) (S 51,36,31) (S 44,31,28) (S 41,28,29) (S 42,29,23) (D 23,21,21)
0 1 3 8 462 1753 10 (D 21,27,27) (S 24,18,19) (S 27,19,30) (D 37,21,21)
0 1 4 8 609 1730 10 (D 21,32,32) (S 45,32,24) (D 12,21,21)
0 1 5 5 290 1434 7 (D 21,17,17) (S 29,21,17) (D 3,21,21)
0 1 6 5 300 1779 7 (D 21,10,10) (S 13,10,18) (S 25,18,23) (D 7,21,21)
0 1 7 5 88 1407 7 (D 21,22,22) (S 30,21,22) (D 20,21,21)
0 1 8 3 104 1114 5 (D 21,25,25) (S 36,25,33) (D 33,21,21)
