235
10
331084
331084
0 1 1 5 29 25 7 (D 1,15,15) (S 8,1,15) (S 18,15,20) (D 12,1,1)
0 1 2 4 15 26 6 (D 1,6,6) (S 4,1,6) (S 34,4,10) (D 10,1,1)
0 1 3 4 20 25 6 (D 1,22,22) (S 13,1,22) (D 24,1,1)
0 1 4 2 15 24 4 (D 1,5,5) (S 3,1,5) (S 30,5,6) (D 6,1,1)
0 1 5 4 32 26 6 (D 1,8,8) (S 5,1,8) (D 11,1,1)
0 1 6 4 19 24 6 (D 1,27,27) (S 16,1,27) (D 27,1,1)
0 1 7 3 11 21 5 (D 1,15,15) (S 8,1,15) (D 17,1,1)
0 1 8 7 41 27 9 (D 1,14,14) (S 7,1,14) (D 1,1,1)
0 1 9 5 37 27 7 (D 1,3,3) (S 1,1,3) (D 3,1,1)
0 1 10 3 16 24 5 (D 1,18,18) (S 10,1,18) (D 14,1,1)
