452
10
42715254
42715254
0 1 1 17 61 74 19 (D 1,7,7) (S 4,1,7) (S 93,38,28) (S 71,28,32) (S 87,32,38) (S 42,44,50) (S 108,50,43) (D 32,1,1)
0 1 2 14 32 73 16 (D 1,6,6) (S 3,1,6) (S 66,41,49) (S 94,49,41) (S 45,34,40) (D 48,1,1)
0 1 3 12 77 74 14 (D 1,3,3) (S 1,1,3) (S 104,35,41) (D 41,1,1)
0 1 4 14 46 75 16 (D 1,31,31) (S 16,1,31) (S 107,36,42) (S 108,50,43) (S 103,34,30) (D 30,1,1)
0 1 5 11 51 69 13 (D 1,16,16) (S 32,16,17) (S 92,32,31) (S 68,43,42) (S 113,42,44) (D 44,1,1)
0 1 6 10 51 74 12 (D 1,23,23) (S 12,1,23) (S 106,30,34) (D 39,1,1)
0 1 7 12 34 71 14 (D 1,6,6) (S 3,1,6) (S 50,33,46) (S 84,46,47) (S 65,26,30) (S 86,30,26) (D 29,1,1)
0 1 8 11 28 75 13 (D 1,5,5) (S 40,1,5) (S 82,18,26) (S 67,26,18) (S 54,20,21) (S 51,21,27) (D 27,1,1)
0 1 9 14 48 74 16 (D 1,14,14) (S 9,1,14) (S 83,12,13) (S 114,13,6) (S 58,7,13) (S 98,13,12) (S 83,12,13) (S 98,13,12) (D 12,1,1)
0 1 10 4 24 45 6 (D 1,1,1) (S 11,1,22) (D 27,1,1)
