555
8
6526172
6526172
0 1 1 14 74 75 16 (D 1,14,14) (S 12,1,14) (S 44,10,11) (S 31,23,28) (S 49,28,34) (D 33,1,1)
0 1 2 10 77 74 12 (D 1,14,14) (S 12,1,14) (D 30,1,1)
0 1 3 8 67 69 10 (D 1,2,2) (S 1,1,2) (S 73,2,8) (D 24,1,1)
0 1 4 11 70 73 13 (D 1,18,18) (S 15,1,18) (S 56,29,25) (S 48,31,32) (D 32,1,1)
0 1 5 8 79 69 10 (D 1,7,7) (S 5,1,7) (S 43,11,5) (S 50,32,33) (D 33,1,1)
0 1 6 6 32 74 8 (D 1,6,6) (S 4,1,6) (S 32,6,12) (S 58,20,26) (D 26,1,1)
0 1 7 8 103 73 10 (D 1,24,24) (S 19,1,24) (D 1,1,1)
0 1 8 9 53 74 11 (D 1,14,14) (S 12,1,14) (S 35,14,15) (D 25,1,1)
