611
8
3771209
3771209
0 1 1 7 49 60 9 (D 1,8,8) (S 6,1,8) (S 26,16,17) (S 28,21,28) (D 28,1,1)
0 1 2 11 93 64 13 (D 1,16,16) (S 11,1,16) (S 43,9,10) (S 25,3,10) (S 61,22,21) (D 24,1,1)
0 1 3 10 73 62 12 (D 1,11,11) (S 31,11,20) (S 41,11,12) (S 24,17,22) (D 22,1,1)
0 1 4 6 67 63 8 (D 1,15,15) (S 10,1,15) (D 20,1,1)
0 1 5 5 33 65 7 (D 1,8,8) (S 6,1,8) (S 72,15,9) (D 9,1,1)
0 1 6 7 111 64 9 (D 1,9,9) (S 7,1,9) (D 29,1,1)
0 1 7 9 87 64 11 (D 1,8,8) (S 6,1,8) (S 52,14,13) (D 13,1,1)
0 1 8 9 98 65 11 (D 1,5,5) (S 34,1,5) (S 70,25,29) (D 29,1,1)
