5302
17
7857748
7857748
0 1 1 1 37 271 3 (D 1,11,11) (S 8,1,11) (D 11,1,1)
0 1 2 1 0 365 3 (D 1,1,1) (D 1,1,1)
0 1 3 8 672 1815 10 (D 1,48,48) (S 39,1,48) (S 103,46,34) (D 32,1,1)
0 1 4 7 409 1801 9 (D 1,36,36) (S 30,1,36) (S 95,36,35) (S 92,33,40) (D 40,1,1)
0 1 5 8 350 1811 10 (D 1,2,2) (S 1,1,2) (S 76,21,27) (S 86,27,21) (D 39,1,1)
0 1 6 6 281 1786 8 (D 1,16,16) (S 12,1,16) (S 53,7,16) (D 16,1,1)
0 1 7 12 707 1796 14 (D 1,16,16) (S 12,1,16) (S 96,36,48) (S 107,48,47) (S 105,47,35) (D 17,1,1)
0 1 8 7 351 1778 9 (D 1,9,9) (S 6,1,9) (S 57,9,17) (S 65,15,24) (S 54,8,9) (D 9,1,1)
0 1 9 5 221 1690 7 (D 1,14,14) (S 10,1,14) (S 64,14,23) (S 61,13,5) (D 5,1,1)
0 1 10 7 321 1720 9 (D 1,30,30) (S 25,1,30) (S 91,32,39) (D 42,1,1)
0 1 11 8 425 1643 10 (D 1,20,20) (S 16,1,20) (S 94,34,35) (D 20,1,1)
0 1 12 8 360 1744 10 (D 1,19,19) (S 15,1,19) (S 43,38,39) (S 102,44,45) (D 42,1,1)
0 1 13 5 140 1690 7 (D 1,18,18) (S 14,1,18) (S 70,19,20) (S 71,20,12) (D 12,1,1)
0 1 14 6 193 1649 8 (D 1,11,11) (S 8,1,11) (S 60,11,10) (S 59,10,18) (D 41,1,1)
0 1 15 7 306 1786 9 (D 1,4,4) (S 3,1,4) (D 11,1,1)
0 1 16 6 302 1740 8 (D 1,3,3) (S 2,1,3) (S 48,3,4) (D 3,1,1)
0 1 17 6 227 1813 8 (D 1,2,2) (S 1,1,2) (S 67,16,25) (D 26,1,1)
