372
12
32738046
32738046
0 1 1 10 26 72 12 (D 1,34,34) (S 106,41,49) (S 112,44,50) (D 50,1,1)
0 1 2 13 40 73 15 (D 1,41,41) (S 18,1,41) (S 105,41,48) (S 107,42,43) (S 109,43,45) (S 97,36,42) (S 107,42,43) (S 109,43,45) (D 45,1,1)
0 1 3 10 41 75 12 (D 1,25,25) (S 17,1,25) (S 80,28,38) (S 100,38,43) (D 25,1,1)
0 1 4 12 41 75 14 (D 1,39,39) (S 1,1,39) (S 93,34,40) (D 48,1,1)
0 1 5 10 31 75 12 (D 1,23,23) (S 68,23,31) (S 76,27,31) (S 85,31,37) (D 32,1,1)
0 1 6 10 48 73 12 (D 1,13,13) (D 16,1,1)
0 1 7 9 33 75 11 (D 1,30,30) (S 2,1,30) (D 29,1,1)
0 1 8 9 35 72 11 (D 1,15,15) (S 51,15,16) (S 54,16,24) (S 52,15,23) (S 68,23,31) (D 31,1,1)
0 1 9 9 19 67 11 (D 1,30,30) (S 2,1,30) (S 73,26,30) (S 59,19,20) (D 12,1,1)
0 1 10 10 19 75 12 (D 1,2,2) (S 21,1,2) (S 25,2,7) (S 35,7,8) (S 38,8,14) (D 21,1,1)
0 1 11 8 18 67 10 (D 1,6,6) (S 23,1,6) (D 6,1,1)
0 1 12 7 21 57 9 (D 1,19,19) (D 22,1,1)
