536
9
38773175
38773175
0 1 1 14 66 70 16 (D 1,24,24) (S 15,1,24) (D 24,1,1)
0 1 2 13 64 70 15 (D 1,11,11) (S 8,1,11) (S 43,12,19) (S 122,12,11) (D 48,1,1)
0 1 3 16 65 69 18 (D 1,29,29) (S 17,1,29) (S 84,26,25) (S 84,26,25) (D 25,1,1)
0 1 4 11 66 69 13 (D 1,49,49) (S 31,1,49) (S 86,39,30) (S 76,45,44) (D 28,1,1)
0 1 5 11 34 70 13 (D 1,9,9) (S 6,1,9) (S 116,23,29) (S 118,29,23) (S 103,23,15) (D 13,1,1)
0 1 6 11 48 70 13 (D 1,5,5) (S 4,1,5) (S 112,5,6) (S 87,6,11) (S 36,17,18) (D 32,1,1)
0 1 7 11 62 70 13 (D 1,23,23) (S 14,1,23) (S 73,27,35) (D 29,1,1)
0 1 8 15 68 70 17 (D 1,15,15) (S 38,1,15) (S 69,14,22) (S 83,31,39) (D 47,1,1)
0 1 9 15 63 70 17 (D 1,5,5) (S 4,1,5) (S 112,5,6) (S 100,6,5) (S 53,5,10) (S 51,17,24) (S 11,1,16) (S 79,16,15) (D 8,1,1)
