445
9
4975198
4975198
0 1 1 8 54 65 10 (D 1,5,5) (S 31,1,5) (S 37,24,27) (D 21,1,1)
0 1 2 9 46 65 11 (D 1,25,25) (S 15,1,25) (S 66,25,29) (S 68,29,22) (S 30,22,25) (D 23,1,1)
0 1 3 10 54 61 12 (D 1,29,29) (S 18,1,29) (S 68,29,22) (S 64,22,29) (S 68,29,22) (S 48,17,13) (D 12,1,1)
0 1 4 11 79 65 13 (D 1,2,2) (S 35,1,2) (S 67,2,3) (S 25,21,28) (S 75,28,29) (S 59,29,21) (D 16,1,1)
0 1 5 7 74 63 9 (D 1,17,17) (S 10,1,17) (S 58,15,9) (D 9,1,1)
0 1 6 8 47 63 10 (D 1,2,2) (S 35,1,2) (S 52,2,9) (S 56,10,9) (D 8,1,1)
0 1 7 5 26 65 7 (D 1,9,9) (S 6,1,9) (D 13,1,1)
0 1 8 11 40 57 13 (D 1,4,4) (S 2,1,4) (S 71,6,7) (S 43,7,4) (S 54,11,16) (D 16,1,1)
0 1 9 6 25 62 8 (D 1,3,3) (S 1,1,3) (S 53,3,2) (S 26,5,8) (D 8,1,1)
