686
9
10830918
10830918
0 1 1 1 11 18 3 (D 1,18,18) (D 18,1,1)
0 1 2 10 63 73 12 (D 1,7,7) (S 5,1,7) (S 46,3,4) (S 39,4,10) (D 10,1,1)
0 1 3 11 109 75 13 (D 1,28,28) (S 17,1,28) (S 66,11,5) (D 2,1,1)
0 1 4 10 100 75 12 (D 1,22,22) (S 60,28,27) (D 32,1,1)
0 1 5 12 128 75 14 (D 1,24,24) (S 14,1,24) (S 78,24,17) (S 69,24,11) (D 20,1,1)
0 1 6 11 61 74 13 (D 1,6,6) (S 4,1,6) (S 81,20,26) (S 24,14,15) (D 15,1,1)
0 1 7 13 91 75 15 (D 1,14,14) (S 11,1,14) (S 24,14,15) (S 49,15,9) (S 23,29,30) (S 49,15,9) (D 23,1,1)
0 1 8 9 69 75 11 (D 1,13,13) (S 68,13,7) (D 30,1,1)
0 1 9 9 54 74 11 (D 1,6,6) (S 4,1,6) (D 8,1,1)
