24794
78
884125213
884125213
0 1 1 3 561 116 5 (D 1,23,23) (D 28,1,1)
0 1 2 6 471 120 8 (D 1,76,76) (S 32,6,7) (D 7,1,1)
0 1 3 8 491 120 10 (D 1,79,79) (S 35,9,10) (S 40,10,15) (S 230,15,10) (D 10,1,1)
0 1 4 7 535 117 9 (D 1,77,77) (D 14,1,1)
0 1 5 4 438 120 6 (D 1,11,11) (S 21,1,11) (S 219,11,27) (S 250,30,28) (D 28,1,1)
0 1 6 3 489 118 5 (D 1,43,43) (S 49,20,21) (D 21,1,1)
0 1 7 7 561 116 9 (D 1,26,26) (S 246,26,23) (S 56,23,26) (S 250,30,28) (D 28,1,1)
0 1 8 4 370 119 6 (D 1,49,49) (S 278,49,48) (S 87,48,139) (D 139,1,1)
0 1 9 5 501 112 7 (D 1,45,45) (S 57,25,27) (D 31,1,1)
0 1 10 8 424 116 10 (D 1,115,115) (S 281,52,51) (S 282,53,52) (D 52,1,1)
0 1 11 2 239 114 4 (D 1,122,122) (S 5,1,122) (D 47,1,1)
0 1 12 3 465 117 5 (D 1,29,29) (S 64,29,33) (S 86,33,139) (D 139,1,1)
0 1 13 3 450 109 5 (D 1,44,44) (D 32,1,1)
0 1 14 6 298 112 8 (D 1,93,93) (S 95,54,55) (D 55,1,1)
0 1 15 5 335 115 7 (D 1,63,63) (S 25,1,63) (D 61,1,1)
0 1 16 9 354 120 11 (D 1,36,36) (S 22,1,36) (S 264,41,40) (D 38,1,1)
0 1 17 4 353 107 6 (D 1,44,44) (D 49,1,1)
0 1 18 6 308 120 8 (D 1,35,35) (S 18,1,35) (S 69,35,37) (D 47,1,1)
0 1 19 2 324 117 4 (D 1,41,41) (D 39,1,1)
0 1 20 7 653 120 9 (D 1,25,25) (S 3,1,25) (S 244,25,24) (S 120,73,74) (D 74,1,1)
0 1 21 6 396 120 8 (D 1,86,86) (S 19,1,86) (S 65,11,33) (D 33,1,1)
0 1 22 8 311 120 10 (D 1,46,46) (S 6,1,46) (S 68,35,36) (S 70,36,37) (S 259,37,35) (D 35,1,1)
0 1 23 7 305 118 9 (D 1,97,97) (S 344,97,96) (S 156,96,99) (S 346,99,96) (S 156,96,99) (D 99,1,1)
0 1 24 7 374 119 9 (D 1,93,93) (S 268,43,42) (D 42,1,1)
0 1 25 6 260 115 8 (D 1,113,113) (S 367,113,103) (S 298,65,64) (D 64,1,1)
0 1 26 6 314 116 8 (D 1,69,69) (S 17,1,69) (S 217,55,140) (D 140,1,1)
0 1 27 9 525 118 11 (D 1,12,12) (S 228,13,12) (D 12,1,1)
0 1 28 3 286 120 5 (D 1,46,46) (S 6,1,46) (S 272,45,34) (D 34,1,1)
0 1 29 4 456 119 6 (D 1,33,33) (S 223,8,6) (S 221,6,5) (D 5,1,1)
0 1 30 6 245 119 8 (D 1,113,113) (S 300,66,62) (D 62,1,1)
0 1 31 6 409 112 8 (D 1,68,68) (S 279,50,48) (D 48,1,1)
0 1 32 8 272 116 10 (D 1,67,67) (S 309,74,72) (S 303,69,67) (D 67,1,1)
0 1 33 6 291 120 8 (D 1,118,118) (S 311,73,44) (S 81,44,45) (D 45,1,1)
0 1 34 6 262 118 8 (D 1,91,91) (S 335,91,66) (D 63,1,1)
0 1 35 5 277 120 7 (D 1,76,76) (S 307,72,71) (D 71,1,1)
0 1 36 6 304 117 8 (D 1,59,59) (S 29,1,59) (S 100,59,60) (D 34,1,1)
0 1 37 6 368 119 8 (D 1,70,70) (D 75,1,1)
0 1 38 7 481 118 9 (D 1,14,14) (S 4,1,14) (S 233,17,13) (D 13,1,1)
0 1 39 5 615 119 7 (D 1,12,12) (S 239,21,20) (D 28,1,1)
0 1 40 4 360 120 6 (D 1,56,56) (S 297,64,63) (D 63,1,1)
0 1 41 8 235 120 10 (D 1,124,124) (S 401,135,134) (S 399,134,133) (S 398,133,132) (D 132,1,1)
0 1 42 9 240 115 11 (D 1,81,81) (S 10,1,81) (S 319,80,79) (D 79,1,1)
0 1 43 8 331 118 10 (D 1,94,94) (S 341,94,93) (S 151,93,94) (S 352,102,101) (D 100,1,1)
0 1 44 4 301 113 6 (D 1,94,94) (S 159,94,100) (D 58,1,1)
0 1 45 5 266 111 7 (D 1,116,116) (S 181,1,116) (S 202,3,128) (D 128,1,1)
0 1 46 8 312 117 10 (D 1,133,133) (S 8,1,133) (S 209,133,134) (S 211,134,135) (S 397,132,131) (D 131,1,1)
0 1 47 7 197 118 9 (D 1,84,84) (S 325,84,82) (S 147,82,92) (S 336,92,89) (D 89,1,1)
0 1 48 6 224 115 8 (D 1,122,122) (S 5,1,122) (S 391,128,127) (S 204,127,129) (D 129,1,1)
0 1 49 6 338 118 8 (D 1,95,95) (S 345,98,97) (S 344,97,96) (S 343,96,95) (S 342,95,94) (D 94,1,1)
0 1 50 4 327 119 6 (D 1,88,88) (S 142,88,90) (D 4,1,1)
0 1 51 7 175 115 9 (D 1,87,87) (S 15,1,87) (S 329,87,86) (S 140,86,88) (S 141,88,89) (S 146,89,92) (D 92,1,1)
0 1 52 2 221 119 4 (D 1,109,109) (S 7,1,109) (D 109,1,1)
0 1 53 5 513 117 7 (D 1,20,20) (S 50,20,22) (S 240,22,20) (D 27,1,1)
0 1 54 4 278 120 6 (D 1,81,81) (S 10,1,81) (S 321,81,80) (S 132,80,82) (D 91,1,1)
0 1 55 4 223 114 6 (D 1,125,125) (S 387,125,123) (S 197,123,125) (S 216,125,138) (D 138,1,1)
0 1 56 3 162 118 5 (D 1,124,124) (D 127,1,1)
0 1 57 4 294 120 6 (D 1,103,103) (S 275,46,43) (D 43,1,1)
0 1 58 6 146 118 8 (D 1,122,122) (S 5,1,122) (S 383,122,87) (S 329,87,86) (S 139,86,87) (D 85,1,1)
0 1 59 7 184 110 9 (D 1,1,1) (S 136,83,84) (D 84,1,1)
0 1 60 4 520 119 6 (D 1,42,42) (D 31,1,1)
0 1 61 8 158 119 10 (D 1,108,108) (S 359,108,107) (S 172,107,110) (S 173,110,111) (D 111,1,1)
0 1 62 3 236 119 5 (D 1,91,91) (D 126,1,1)
0 1 63 4 295 119 6 (D 1,119,119) (D 129,1,1)
0 1 64 4 107 109 6 (D 1,120,120) (S 196,120,123) (D 123,1,1)
0 1 65 7 246 120 9 (D 1,105,105) (S 2,1,105) (S 356,105,104) (S 355,104,102) (S 165,102,104) (D 112,1,1)
0 1 66 4 150 114 6 (D 1,121,121) (D 90,1,1)
0 1 67 2 305 114 4 (D 1,75,75) (D 68,1,1)
0 1 68 5 110 115 7 (D 1,114,114) (S 175,107,112) (S 176,112,113) (D 113,1,1)
0 1 69 4 181 119 6 (D 1,118,118) (S 379,118,91) (S 189,91,118) (D 122,1,1)
0 1 70 3 503 114 5 (D 1,106,106) (D 26,1,1)
0 1 71 4 173 120 6 (D 1,2,2) (D 120,1,1)
0 1 72 3 218 114 5 (D 1,66,66) (S 161,66,101) (D 101,1,1)
0 1 73 2 156 116 4 (D 1,108,108) (D 112,1,1)
0 1 74 4 93 112 6 (D 1,116,116) (S 181,1,116) (S 182,116,117) (D 114,1,1)
0 1 75 5 216 116 7 (D 1,119,119) (S 328,86,85) (D 77,1,1)
0 1 76 6 227 115 8 (D 1,137,137) (S 403,137,136) (S 214,136,138) (D 138,1,1)
0 1 77 4 165 117 6 (D 1,114,114) (S 179,114,115) (D 107,1,1)
0 1 78 4 37 111 6 (D 1,116,116) (S 181,1,116) (S 182,116,117) (D 117,1,1)
