432
10
21676641
21676641
0 1 1 13 40 70 15 (D 1,15,15) (S 14,1,15) (S 63,30,39) (D 40,1,1)
0 1 2 9 41 69 11 (D 1,8,8) (S 7,1,8) (S 56,13,21) (S 95,14,22) (S 65,22,14) (D 14,1,1)
0 1 3 7 37 68 9 (D 1,19,19) (S 75,19,32) (S 71,36,38) (D 47,1,1)
0 1 4 11 45 68 13 (D 1,2,2) (S 1,1,2) (S 94,2,3) (S 53,3,6) (D 6,1,1)
0 1 5 7 33 70 9 (D 1,5,5) (S 4,1,5) (S 86,10,17) (S 60,25,33) (D 33,1,1)
0 1 6 15 56 69 17 (D 1,28,28) (S 22,1,28) (S 66,28,27) (D 49,1,1)
0 1 7 15 55 68 17 (D 1,1,1) (S 9,1,10) (S 97,29,24) (S 84,29,23) (S 87,23,15) (S 97,29,24) (D 24,1,1)
0 1 8 9 55 70 11 (D 1,43,43) (S 33,1,43) (S 64,43,48) (S 41,45,50) (S 92,44,37) (S 59,37,29) (D 28,1,1)
0 1 9 11 60 70 13 (D 1,16,16) (S 15,1,16) (D 34,1,1)
0 1 10 4 10 24 6 (D 1,9,9) (S 8,1,9) (D 16,1,1)
