2541
12
1272831
1272831
0 1 1 5 265 1507 7 (D 1,4,4) (D 22,1,1)
0 1 2 4 177 1134 6 (D 1,11,11) (S 2,1,11) (S 27,13,17) (D 17,1,1)
0 1 3 5 234 1492 7 (D 1,12,12) (D 19,1,1)
0 1 4 3 260 1372 5 (D 1,22,22) (S 5,1,22) (S 39,22,29) (D 29,1,1)
0 1 5 5 207 1390 7 (D 1,9,9) (S 21,9,14) (S 28,14,15) (D 14,1,1)
0 1 6 4 208 1512 6 (D 1,18,18) (S 41,23,25) (D 25,1,1)
0 1 7 6 192 1473 8 (D 1,7,7) (S 18,7,8) (S 22,10,15) (D 15,1,1)
0 1 8 6 224 1516 8 (D 1,11,11) (S 2,1,11) (S 44,27,28) (D 28,1,1)
0 1 9 4 216 1501 6 (D 1,19,19) (S 30,16,17) (D 17,1,1)
0 1 10 3 239 1505 5 (D 1,7,7) (D 9,1,1)
0 1 11 3 115 1467 5 (D 1,2,2) (S 7,1,2) (S 10,2,7) (D 6,1,1)
0 1 12 2 204 1224 4 (D 1,21,21) (D 20,1,1)
