313
9
5247343
5247343
0 1 1 8 23 48 10 (D 1,4,4) (S 3,1,4) (S 17,4,13) (S 32,13,19) (D 21,1,1)
0 1 2 9 61 50 11 (D 1,8,8) (S 6,1,8) (S 53,10,5) (S 40,5,31) (D 31,1,1)
0 1 3 8 30 49 10 (D 1,17,17) (S 11,1,17) (S 64,16,17) (S 41,17,11) (S 38,11,12) (S 62,12,18) (D 18,1,1)
0 1 4 6 46 50 8 (D 1,8,8) (S 6,1,8) (S 42,19,18) (D 4,1,1)
0 1 5 6 24 46 8 (D 1,27,27) (S 28,27,29) (D 26,1,1)
0 1 6 6 30 50 8 (D 1,2,2) (S 1,1,2) (S 39,19,20) (D 20,1,1)
0 1 7 5 21 47 7 (D 1,7,7) (S 19,1,7) (S 56,6,11) (D 6,1,1)
0 1 8 9 41 49 11 (D 1,28,28) (S 16,1,28) (S 61,30,1) (S 31,1,31) (D 15,1,1)
0 1 9 8 37 50 10 (D 1,5,5) (S 4,1,5) (S 1,1,2) (D 9,1,1)
