6678
14
36805133
36805133
0 1 1 9 849 300 11 (D 1,57,57) (S 26,1,57) (S 58,31,32) (D 32,1,1)
0 1 2 8 486 275 10 (D 1,51,51) (S 57,23,31) (S 58,31,32) (D 35,1,1)
0 1 3 10 486 293 12 (D 1,44,44) (S 105,21,19) (D 19,1,1)
0 1 4 8 367 299 10 (D 1,4,4) (S 124,56,55) (S 113,41,35) (D 35,1,1)
0 1 5 13 770 292 15 (D 1,9,9) (S 45,9,10) (S 52,18,19) (S 140,76,20) (D 52,1,1)
0 1 6 11 468 305 13 (D 1,63,63) (S 14,1,63) (S 82,63,65) (S 133,65,63) (S 84,66,68) (S 83,62,66) (S 134,66,62) (D 62,1,1)
0 1 7 19 373 293 21 (D 1,49,49) (S 37,1,49) (S 72,52,54) (S 123,54,52) (S 122,52,50) (S 141,51,21) (S 55,21,22) (S 119,49,47) (S 68,47,49) (S 69,49,50) (D 21,1,1)
0 1 8 12 491 299 14 (D 1,12,12) (S 30,1,12) (S 50,15,17) (S 102,18,15) (S 48,13,16) (S 98,16,12) (S 97,12,11) (D 11,1,1)
0 1 9 7 349 296 9 (D 1,10,10) (S 5,1,10) (S 99,16,13) (S 49,13,14) (S 100,14,13) (S 97,12,11) (D 11,1,1)
0 1 10 9 412 298 11 (D 1,69,69) (S 36,1,69) (S 79,60,61) (S 130,61,60) (S 129,60,58) (S 131,62,60) (S 129,60,58) (D 58,1,1)
0 1 11 14 646 300 16 (D 1,44,44) (S 118,48,47) (S 67,47,48) (S 77,11,59) (S 127,59,58) (S 126,58,57) (D 57,1,1)
0 1 12 8 270 305 10 (D 1,58,58) (S 24,1,58) (S 76,58,59) (S 86,59,69) (S 137,69,59) (S 142,59,44) (D 69,1,1)
0 1 13 5 405 303 7 (D 1,43,43) (S 28,1,43) (S 75,57,58) (S 76,58,59) (D 59,1,1)
0 1 14 9 306 279 11 (D 1,2,2) (S 41,1,2) (S 43,2,4) (S 94,4,2) (S 42,2,3) (D 3,1,1)
