331
7
1345871
1345871
0 1 1 6 36 48 8 (D 1,13,13) (S 10,1,13) (S 27,3,9) (S 49,12,18) (D 18,1,1)
0 1 2 7 32 50 9 (D 1,10,10) (S 7,1,10) (S 36,10,16) (D 16,1,1)
0 1 3 6 45 49 8 (D 1,13,13) (S 10,1,13) (S 51,11,6) (S 31,6,31) (D 19,1,1)
0 1 4 5 39 45 7 (D 1,12,12) (S 9,1,12) (D 19,1,1)
0 1 5 9 29 49 11 (D 1,29,29) (S 20,1,29) (S 28,29,31) (S 45,31,5) (S 56,5,6) (D 31,1,1)
0 1 6 8 87 49 10 (D 1,4,4) (S 3,1,4) (S 50,4,9) (S 27,3,9) (D 14,1,1)
0 1 7 8 63 50 10 (D 1,30,30) (S 21,1,30) (S 37,2,1) (S 3,1,4) (D 15,1,1)
