221
11
138180
138180
0 1 1 1 1 7 3 (D 1,19,19) (S 19,1,19) (D 19,1,1)
0 1 2 1 14 22 3 (D 1,4,4) (S 3,1,4) (D 4,1,1)
0 1 3 5 15 16 7 (D 1,24,24) (S 13,1,24) (D 25,1,1)
0 1 4 3 18 26 5 (D 1,6,6) (S 5,1,6) (S 29,6,10) (S 34,10,11) (D 11,1,1)
0 1 5 5 24 25 7 (D 1,5,5) (S 4,1,5) (S 16,5,9) (D 7,1,1)
0 1 6 5 38 27 7 (D 1,21,21) (S 31,16,17) (D 17,1,1)
0 1 7 5 18 27 7 (D 1,23,23) (S 12,1,23) (S 28,23,26) (D 22,1,1)
0 1 8 2 12 22 4 (D 1,15,15) (S 9,1,15) (D 13,1,1)
0 1 9 5 42 27 7 (D 1,27,27) (S 18,1,27) (S 26,20,21) (D 1,1,1)
0 1 10 2 12 23 4 (D 1,2,2) (S 1,1,2) (D 14,1,1)
0 1 11 3 27 27 5 (D 1,27,27) (S 18,1,27) (S 24,3,8) (D 8,1,1)
