15490
47
143149359
143149359
0 1 1 1 221 103 3 (D 1,109,109) (S 47,1,109) (D 109,1,1)
0 1 2 5 519 118 7 (D 1,46,46) (D 26,1,1)
0 1 3 4 526 116 6 (D 1,9,9) (S 40,1,9) (D 5,1,1)
0 1 4 8 535 120 10 (D 1,17,17) (D 17,1,1)
0 1 5 4 524 118 6 (D 1,67,67) (S 5,1,67) (D 31,1,1)
0 1 6 6 481 109 8 (D 1,13,13) (S 2,1,13) (S 59,13,14) (D 12,1,1)
0 1 7 6 460 117 8 (D 1,33,33) (S 74,24,25) (D 25,1,1)
0 1 8 6 437 118 8 (D 1,140,140) (S 50,1,140) (D 139,1,1)
0 1 9 2 250 105 4 (D 1,91,91) (D 75,1,1)
0 1 10 6 740 119 8 (D 1,21,21) (D 45,1,1)
0 1 11 3 270 113 5 (D 1,86,86) (D 35,1,1)
0 1 12 3 440 119 5 (D 1,84,84) (S 4,1,84) (D 24,1,1)
0 1 13 4 474 120 6 (D 1,45,45) (S 25,1,45) (D 31,1,1)
0 1 14 6 342 99 8 (D 1,41,41) (S 27,1,41) (S 94,40,41) (D 38,1,1)
0 1 15 9 386 116 11 (D 1,39,39) (S 37,1,39) (S 90,36,37) (S 97,37,42) (S 98,42,43) (D 47,1,1)
0 1 16 3 397 117 5 (D 1,44,44) (S 16,1,44) (D 12,1,1)
0 1 17 8 662 115 10 (D 1,43,43) (S 79,28,29) (D 29,1,1)
0 1 18 7 369 119 9 (D 1,108,108) (S 8,1,108) (S 238,54,140) (S 237,55,140) (D 140,1,1)
0 1 19 6 377 120 8 (D 1,74,74) (S 240,58,70) (D 70,1,1)
0 1 20 6 333 114 8 (D 1,68,68) (S 123,59,61) (D 60,1,1)
0 1 21 6 323 119 8 (D 1,113,113) (D 62,1,1)
0 1 22 4 226 111 6 (D 1,121,121) (D 76,1,1)
0 1 23 7 499 118 9 (D 1,53,53) (S 3,1,53) (D 64,1,1)
0 1 24 7 319 120 9 (D 1,91,91) (S 145,76,77) (S 150,79,81) (D 81,1,1)
0 1 25 4 505 115 6 (D 1,95,95) (D 109,1,1)
0 1 26 8 330 119 10 (D 1,133,133) (S 230,133,135) (S 231,134,135) (S 227,131,132) (D 132,1,1)
0 1 27 5 217 112 7 (D 1,128,128) (S 224,127,129) (D 129,1,1)
0 1 28 8 210 118 10 (D 1,117,117) (S 154,81,83) (D 82,1,1)
0 1 29 4 193 113 6 (D 1,125,125) (S 236,125,138) (D 137,1,1)
0 1 30 7 274 116 9 (D 1,71,71) (S 137,71,72) (S 138,72,73) (D 69,1,1)
0 1 31 4 358 110 6 (D 1,123,123) (S 33,1,123) (D 139,1,1)
0 1 32 4 277 114 6 (D 1,123,123) (S 33,1,123) (S 234,136,138) (D 130,1,1)
0 1 33 5 255 116 7 (D 1,112,112) (D 112,1,1)
0 1 34 8 423 113 10 (D 1,106,106) (S 22,1,106) (D 105,1,1)
0 1 35 5 264 120 7 (D 1,66,66) (S 17,1,66) (S 181,66,101) (D 63,1,1)
0 1 36 4 136 117 6 (D 1,119,119) (S 35,1,119) (S 215,123,124) (D 124,1,1)
0 1 37 5 158 106 7 (D 1,108,108) (S 8,1,108) (S 192,107,110) (S 193,110,111) (D 111,1,1)
0 1 38 4 128 95 6 (D 1,118,118) (S 7,1,118) (D 90,1,1)
0 1 39 6 260 118 8 (D 1,116,116) (S 201,1,116) (S 171,93,94) (S 180,94,101) (D 101,1,1)
0 1 40 2 28 70 4 (D 1,115,115) (S 13,1,115) (D 115,1,1)
0 1 41 5 173 115 7 (D 1,119,119) (S 35,1,119) (S 207,119,120) (S 219,124,126) (S 226,126,131) (D 131,1,1)
0 1 42 2 86 107 4 (D 1,118,118) (S 7,1,118) (D 118,1,1)
0 1 43 3 140 116 5 (D 1,117,117) (D 88,1,1)
0 1 44 7 297 105 9 (D 1,117,117) (D 60,1,1)
0 1 45 3 121 88 5 (D 1,114,114) (D 106,1,1)
0 1 46 8 308 119 10 (D 1,122,122) (S 166,89,92) (D 126,1,1)
0 1 47 2 239 117 4 (D 1,116,116) (S 201,1,116) (D 47,1,1)
