11184
38
64717037
64717037
0 1 1 1 21 555 3 (D 1,8,8) (S 6,1,8) (D 8,1,1)
0 1 2 1 115 579 3 (D 1,26,26) (S 22,1,26) (D 26,1,1)
0 1 3 9 577 1581 11 (D 1,19,19) (S 17,1,19) (S 116,50,59) (S 123,59,60) (S 123,59,60) (S 175,51,42) (D 42,1,1)
0 1 4 5 350 1515 7 (D 1,12,12) (S 10,1,12) (S 102,40,49) (S 173,49,58) (D 58,1,1)
0 1 5 5 530 1600 7 (D 1,51,51) (S 46,1,51) (S 116,50,59) (D 41,1,1)
0 1 6 4 345 1610 6 (D 1,41,41) (S 36,1,41) (S 103,41,42) (D 42,1,1)
0 1 7 5 422 1571 7 (D 1,41,41) (S 36,1,41) (S 103,41,42) (S 160,33,32) (D 32,1,1)
0 1 8 4 332 1566 6 (D 1,17,17) (S 15,1,17) (S 110,47,48) (S 113,48,57) (D 57,1,1)
0 1 9 4 297 1188 6 (D 1,24,24) (S 21,1,24) (D 24,1,1)
0 1 10 5 373 1601 7 (D 1,52,52) (S 47,1,52) (D 48,1,1)
0 1 11 7 420 1562 9 (D 1,18,18) (S 16,1,18) (S 177,55,56) (D 58,1,1)
0 1 12 5 354 1578 7 (D 1,19,19) (S 17,1,19) (S 84,23,32) (D 32,1,1)
0 1 13 6 481 1573 8 (D 1,16,16) (S 14,1,16) (D 6,1,1)
0 1 14 5 330 1616 7 (D 1,38,38) (S 33,1,38) (S 165,38,39) (S 100,39,40) (S 102,40,49) (D 49,1,1)
0 1 15 6 347 1601 8 (D 1,27,27) (S 23,1,27) (D 43,1,1)
0 1 16 5 276 1603 7 (D 1,34,34) (S 29,1,34) (D 53,1,1)
0 1 17 7 300 1595 9 (D 1,30,30) (S 154,30,31) (D 29,1,1)
0 1 18 4 259 1593 6 (D 1,38,38) (S 33,1,38) (S 99,38,44) (S 105,44,47) (D 47,1,1)
0 1 19 6 295 1580 8 (D 1,34,34) (S 29,1,34) (S 109,46,53) (D 56,1,1)
0 1 20 4 261 1559 6 (D 1,14,14) (S 12,1,14) (D 16,1,1)
0 1 21 4 229 1375 6 (D 1,5,5) (S 4,1,5) (S 62,5,6) (S 64,6,15) (D 15,1,1)
0 1 22 3 216 1232 5 (D 1,29,29) (S 25,1,29) (D 29,1,1)
0 1 23 4 264 1608 6 (D 1,13,13) (S 11,1,13) (S 72,13,20) (S 80,20,21) (D 31,1,1)
0 1 24 5 204 1616 7 (D 1,26,26) (S 22,1,26) (S 95,35,37) (S 98,37,43) (D 43,1,1)
0 1 25 4 231 1461 6 (D 1,3,3) (S 2,1,3) (D 7,1,1)
0 1 26 4 364 1479 6 (D 1,13,13) (S 11,1,13) (D 55,1,1)
0 1 27 8 372 1536 10 (D 1,18,18) (S 16,1,18) (S 87,27,28) (S 91,31,40) (D 40,1,1)
0 1 28 6 305 1488 8 (D 1,45,45) (S 40,1,45) (S 107,45,52) (S 118,52,54) (D 46,1,1)
0 1 29 5 259 1513 7 (D 1,18,18) (S 16,1,18) (S 149,27,26) (D 26,1,1)
0 1 30 4 223 1545 6 (D 1,14,14) (S 12,1,14) (S 74,14,22) (D 22,1,1)
0 1 31 4 146 1552 6 (D 1,10,10) (S 8,1,10) (D 19,1,1)
0 1 32 5 197 1547 7 (D 1,2,2) (S 1,1,2) (D 20,1,1)
0 1 33 5 240 1585 7 (D 1,17,17) (S 15,1,17) (S 76,17,26) (D 44,1,1)
0 1 34 3 188 1589 5 (D 1,34,34) (S 29,1,34) (S 94,34,35) (S 95,35,37) (D 37,1,1)
0 1 35 5 262 1575 7 (D 1,2,2) (S 1,1,2) (S 59,3,4) (D 14,1,1)
0 1 36 6 225 1596 8 (D 1,10,10) (S 8,1,10) (S 67,10,11) (S 126,3,12) (D 11,1,1)
0 1 37 4 348 1603 6 (D 1,8,8) (S 6,1,8) (S 65,8,9) (D 50,1,1)
0 1 38 3 226 1559 5 (D 1,2,2) (S 1,1,2) (S 58,2,9) (D 15,1,1)
