561
9
4648764
4648764
0 1 1 1 2 37 3 (D 1,6,6) (S 5,1,6) (D 6,1,1)
0 1 2 8 110 74 10 (D 1,21,21) (S 18,1,21) (S 58,16,23) (D 11,1,1)
0 1 3 12 97 75 14 (D 1,11,11) (S 8,1,11) (S 54,11,5) (S 46,22,28) (S 71,28,27) (S 48,27,32) (D 32,1,1)
0 1 4 9 47 75 11 (D 1,9,9) (S 38,9,10) (S 43,10,3) (S 44,4,3) (S 66,3,10) (D 10,1,1)
0 1 5 10 52 71 12 (D 1,21,21) (S 18,1,21) (S 29,21,22) (S 32,22,23) (D 32,1,1)
0 1 6 7 80 75 9 (D 1,2,2) (S 1,1,2) (S 30,14,15) (S 30,14,15) (D 17,1,1)
0 1 7 7 53 63 9 (D 1,29,29) (S 25,1,29) (S 31,25,26) (S 30,14,15) (D 15,1,1)
0 1 8 6 36 70 8 (D 1,13,13) (S 10,1,13) (D 18,1,1)
0 1 9 12 84 74 14 (D 1,7,7) (S 6,1,7) (S 52,19,20) (D 1,1,1)
