508
8
7236106
7236106
0 1 1 10 49 72 12 (D 1,1,1) (S 3,1,7) (D 24,1,1)
0 1 2 12 80 75 14 (D 1,22,22) (S 13,1,22) (S 31,33,34) (S 75,18,29) (D 29,1,1)
0 1 3 7 73 75 9 (D 1,6,6) (S 2,1,6) (D 17,1,1)
0 1 4 14 61 74 16 (D 1,9,9) (S 29,4,10) (S 72,14,20) (D 7,1,1)
0 1 5 10 55 75 12 (D 1,12,12) (S 24,29,30) (S 35,30,31) (D 31,1,1)
0 1 6 9 81 74 11 (D 1,21,21) (S 12,1,21) (S 32,21,22) (S 78,15,9) (D 2,1,1)
0 1 7 9 77 74 11 (D 1,13,13) (S 7,1,13) (S 63,6,1) (S 36,1,2) (S 26,2,13) (D 26,1,1)
0 1 8 5 32 50 7 (D 1,19,19) (S 10,1,19) (S 28,19,25) (S 47,12,18) (D 18,1,1)
