606
9
7372472
7372472
0 1 1 11 88 75 13 (D 1,8,8) (S 7,1,8) (S 29,15,22) (S 50,22,28) (D 17,1,1)
0 1 2 6 76 75 8 (D 1,3,3) (S 2,1,3) (S 77,4,3) (S 78,16,23) (D 27,1,1)
0 1 3 13 87 75 15 (D 1,32,32) (S 64,32,27) (S 79,34,24) (S 46,24,34) (D 32,1,1)
0 1 4 12 84 75 14 (D 1,20,20) (S 17,1,20) (S 48,15,21) (S 28,21,27) (S 72,20,26) (D 25,1,1)
0 1 5 9 74 72 11 (D 1,8,8) (S 7,1,8) (S 26,8,14) (S 32,26,31) (S 67,29,18) (D 18,1,1)
0 1 6 9 85 74 11 (D 1,2,2) (S 1,1,2) (S 48,15,21) (D 21,1,1)
0 1 7 2 2 20 4 (D 1,6,6) (S 5,1,6) (D 6,1,1)
0 1 8 8 37 74 10 (D 1,18,18) (S 15,1,18) (S 37,12,13) (D 7,1,1)
0 1 9 9 73 74 11 (D 1,18,18) (S 15,1,18) (S 34,25,26) (S 55,13,7) (S 75,7,6) (D 6,1,1)
