8295
21
73014565
73014565
0 1 1 9 358 1977 11 (D 1,2,2) (S 1,1,2) (D 65,1,1)
0 1 2 8 320 1962 10 (D 1,23,23) (S 150,61,68) (S 160,68,69) (S 162,69,70) (D 70,1,1)
0 1 3 13 594 1985 15 (D 1,20,20) (S 165,72,73) (S 167,73,74) (S 168,74,67) (S 165,72,73) (S 155,64,70) (S 163,70,71) (S 131,50,41) (D 41,1,1)
0 1 4 6 324 1960 8 (D 1,47,47) (S 29,1,47) (S 142,57,58) (S 143,58,51) (D 51,1,1)
0 1 5 9 493 1898 11 (D 1,36,36) (S 23,1,36) (S 123,44,35) (S 108,35,34) (S 107,34,33) (D 35,1,1)
0 1 6 8 427 1955 10 (D 1,20,20) (S 156,65,57) (D 57,1,1)
0 1 7 8 476 1838 10 (D 1,34,34) (S 21,1,34) (S 164,71,64) (D 69,1,1)
0 1 8 8 634 1982 10 (D 1,75,75) (S 54,1,75) (S 82,17,8) (S 72,8,9) (D 18,1,1)
0 1 9 8 533 1963 10 (D 1,34,34) (S 21,1,34) (S 148,60,59) (D 53,1,1)
0 1 10 10 500 1978 12 (D 1,34,34) (S 21,1,34) (D 33,1,1)
0 1 11 11 510 1948 13 (D 1,56,56) (S 36,1,56) (S 168,74,67) (D 32,1,1)
0 1 12 9 538 1985 11 (D 1,49,49) (S 31,1,49) (S 116,41,42) (S 58,33,42) (D 13,1,1)
0 1 13 10 302 1958 12 (D 1,7,7) (S 6,1,7) (S 70,7,8) (S 83,17,16) (S 80,15,14) (D 14,1,1)
0 1 14 7 400 1978 9 (D 1,63,63) (S 43,1,63) (S 151,62,54) (S 136,54,55) (D 23,1,1)
0 1 15 8 500 1969 10 (D 1,49,49) (S 31,1,49) (S 126,46,37) (S 155,64,70) (D 70,1,1)
0 1 16 9 407 1970 11 (D 1,4,4) (S 3,1,4) (S 80,15,14) (S 65,3,12) (S 89,22,13) (S 71,7,16) (D 16,1,1)
0 1 17 6 117 1874 8 (D 1,4,4) (S 3,1,4) (S 66,4,5) (S 67,5,6) (S 69,6,15) (D 15,1,1)
0 1 18 7 359 1920 9 (D 1,10,10) (S 8,1,10) (D 13,1,1)
0 1 19 2 232 773 4 (D 1,50,50) (S 32,1,50) (D 50,1,1)
0 1 20 7 176 1974 9 (D 1,19,19) (S 86,19,20) (D 24,1,1)
0 1 21 5 95 1613 7 (D 1,2,2) (S 1,1,2) (S 64,2,3) (S 65,3,12) (D 10,1,1)
