411
10
37592867
37592867
0 1 1 14 60 70 16 (D 1,23,23) (S 18,1,23) (S 99,23,29) (S 111,45,49) (S 65,49,48) (S 85,48,49) (S 65,49,48) (S 92,48,43) (D 43,1,1)
0 1 2 13 41 68 15 (D 1,23,23) (S 18,1,23) (S 109,43,44) (S 106,37,38) (S 47,38,46) (D 38,1,1)
0 1 3 14 58 69 16 (D 1,11,11) (S 88,32,31) (S 79,47,39) (S 91,39,31) (S 72,31,39) (S 100,39,30) (D 18,1,1)
0 1 4 17 49 69 19 (D 1,15,15) (S 12,1,15) (S 57,15,24) (S 61,23,28) (S 114,25,20) (S 53,35,36) (S 116,36,38) (D 38,1,1)
0 1 5 16 42 70 18 (D 1,3,3) (S 2,1,3) (S 113,3,2) (S 41,2,5) (S 40,12,19) (S 94,11,6) (S 93,6,5) (D 2,1,1)
0 1 6 10 17 69 12 (D 1,1,1) (S 8,1,10) (S 84,10,17) (D 24,1,1)
0 1 7 7 22 41 9 (D 1,17,17) (S 14,1,17) (S 55,17,18) (D 16,1,1)
0 1 8 9 49 70 11 (D 1,15,15) (S 12,1,15) (S 107,27,35) (D 33,1,1)
0 1 9 5 36 50 7 (D 1,28,28) (S 22,1,28) (D 22,1,1)
0 1 10 9 37 69 11 (D 1,8,8) (S 6,1,8) (S 112,13,22) (S 60,9,14) (D 14,1,1)
