9413
20
15207943
15207943
0 1 1 1 56 498 3 (D 86,85,85) (S 45,86,85) (D 85,86,86)
0 1 2 6 380 1765 8 (D 86,27,27) (S 12,86,27) (D 56,86,86)
0 1 3 8 465 1866 10 (D 86,128,128) (D 128,86,86)
0 1 4 6 594 1826 8 (D 86,2,2) (S 1,86,2) (S 80,3,4) (D 38,86,86)
0 1 5 7 656 1848 9 (D 86,32,32) (S 16,86,32) (S 94,53,52) (D 82,86,86)
0 1 6 9 783 1790 11 (D 86,111,111) (S 130,131,132) (D 141,86,86)
0 1 7 6 642 1857 8 (D 86,114,114) (S 58,86,114) (S 124,117,106) (D 78,86,86)
0 1 8 8 614 1825 10 (D 86,30,30) (S 15,86,30) (D 76,86,86)
0 1 9 8 373 1860 10 (D 86,6,6) (S 4,86,6) (D 51,86,86)
0 1 10 11 729 1869 13 (D 86,135,135) (S 71,86,135) (D 79,86,86)
0 1 11 6 437 1732 8 (D 86,5,5) (S 3,86,5) (D 11,86,86)
0 1 12 9 471 1831 11 (D 86,142,142) (S 75,86,142) (S 138,142,141) (S 131,133,143) (D 109,86,86)
0 1 13 8 445 1867 10 (D 86,100,100) (S 52,86,100) (S 117,100,101) (D 89,86,86)
0 1 14 8 521 1855 10 (D 86,39,39) (S 18,86,39) (S 98,64,77) (D 62,86,86)
0 1 15 6 500 1859 8 (D 86,46,46) (S 24,86,46) (D 28,86,86)
0 1 16 7 381 1860 9 (D 86,76,76) (S 40,86,76) (D 78,86,86)
0 1 17 7 451 1868 9 (D 86,108,108) (S 55,86,108) (S 120,108,109) (S 134,140,118) (D 70,86,86)
0 1 18 7 408 1790 9 (D 86,45,45) (S 23,86,45) (D 60,86,86)
0 1 19 6 170 1793 8 (D 86,94,94) (S 49,86,94) (S 109,84,96) (D 96,86,86)
0 1 20 7 337 1837 9 (D 86,87,87) (S 46,86,87) (D 101,86,86)
