472
6
17591623
17591623
0 1 1 1 0 3 3 (D 1,1,1) (D 1,1,1)
0 1 2 20 160 123 22 (D 1,12,12) (S 9,1,12) (S 65,21,22) (S 68,22,28) (S 23,28,34) (S 23,28,34) (S 42,32,27) (S 39,25,30) (S 88,30,31) (D 31,1,1)
0 1 3 19 81 127 21 (D 1,5,5) (S 4,1,5) (S 57,11,24) (S 75,24,23) (S 26,22,23) (S 75,24,23) (S 89,23,28) (D 15,1,1)
0 1 4 17 111 129 19 (D 1,13,13) (S 10,1,13) (S 33,13,14) (S 62,14,20) (S 69,20,19) (S 82,19,25) (D 2,1,1)
0 1 5 23 75 122 25 (D 1,6,6) (S 5,1,6) (S 33,13,14) (S 28,9,10) (S 90,16,10) (S 24,4,10) (S 59,10,16) (S 92,4,3) (S 62,14,20) (D 21,1,1)
0 1 6 13 45 110 15 (D 1,6,6) (S 5,1,6) (S 25,6,18) (S 77,12,13) (D 8,1,1)
