201
10
1325215
1325215
0 1 1 6 40 27 8 (D 1,23,23) (S 21,22,25) (S 45,15,17) (D 16,1,1)
0 1 2 6 22 27 8 (D 1,15,15) (S 22,1,15) (S 33,15,20) (D 25,1,1)
0 1 3 3 20 23 5 (D 1,14,14) (S 7,1,14) (S 25,14,16) (D 16,1,1)
0 1 4 6 16 26 8 (D 1,1,1) (S 9,1,19) (D 26,1,1)
0 1 5 4 5 24 6 (D 1,19,19) (S 9,1,19) (D 10,1,1)
0 1 6 4 24 27 6 (D 1,5,5) (S 2,1,5) (S 24,5,6) (D 13,1,1)
0 1 7 4 12 26 6 (D 1,6,6) (S 3,1,6) (D 9,1,1)
0 1 8 4 5 25 6 (D 1,12,12) (S 36,4,12) (D 12,1,1)
0 1 9 5 27 27 7 (D 1,23,23) (S 26,23,24) (D 7,1,1)
0 1 10 3 30 26 5 (D 1,24,24) (S 17,1,24) (D 17,1,1)
