191
11
299913
299913
0 1 1 1 0 2 3 (D 1,1,1) (D 1,1,1)
0 1 2 4 17 27 6 (D 1,14,14) (S 10,1,14) (S 41,14,18) (D 21,1,1)
0 1 3 4 18 26 6 (D 1,24,24) (S 29,1,24) (S 42,3,6) (D 6,1,1)
0 1 4 7 30 27 9 (D 1,27,27) (S 33,1,27) (S 26,23,26) (S 35,8,24) (D 24,1,1)
0 1 5 3 19 26 5 (D 1,27,27) (S 33,1,27) (D 21,1,1)
0 1 6 7 38 27 9 (D 1,14,14) (S 10,1,14) (S 20,14,20) (D 26,1,1)
0 1 7 5 15 24 7 (D 1,2,2) (S 1,1,2) (S 45,13,15) (S 43,15,17) (D 17,1,1)
0 1 8 4 15 26 6 (D 1,9,9) (S 28,5,9) (D 9,1,1)
0 1 9 4 17 26 6 (D 1,10,10) (S 8,1,10) (D 12,1,1)
0 1 10 3 11 25 5 (D 1,4,4) (S 3,1,4) (S 18,4,5) (D 19,1,1)
0 1 11 3 11 22 5 (D 1,17,17) (S 11,1,17) (D 19,1,1)
