63
9
736082
736082
0 1 1 6 12 27 8 (D 1,11,11) (S 5,1,11) (S 23,11,2) (S 18,2,4) (D 11,1,1)
0 1 2 7 11 27 9 (D 1,6,6) (S 4,1,6) (S 43,6,9) (S 34,9,4) (D 9,1,1)
0 1 3 6 5 24 8 (D 1,7,7) (S 12,1,7) (S 26,7,3) (D 5,1,1)
0 1 4 5 6 27 7 (D 1,3,3) (D 10,1,1)
0 1 5 6 6 26 8 (D 1,8,8) (S 3,1,8) (S 38,8,5) (S 10,5,1) (S 3,1,8) (D 7,1,1)
0 1 6 6 6 26 8 (D 1,2,2) (S 18,2,4) (S 31,4,6) (D 6,1,1)
0 1 7 5 9 26 7 (D 1,5,5) (S 1,1,5) (S 43,6,9) (D 9,1,1)
0 1 8 4 6 27 6 (D 1,10,10) (S 6,1,10) (S 46,10,7) (S 47,7,11) (D 11,1,1)
0 1 9 5 2 25 7 (D 1,1,1) (S 2,1,9) (D 9,1,1)
