551
6
6976186
6976186
0 1 1 1 11 18 3 (D 1,18,18) (D 18,1,1)
0 1 2 18 164 127 20 (D 1,22,22) (S 18,1,22) (S 66,33,34) (S 50,32,27) (S 69,21,22) (S 70,23,28) (S 71,28,22) (D 22,1,1)
0 1 3 10 87 127 12 (D 1,3,3) (S 1,1,3) (S 34,3,10) (D 24,1,1)
0 1 4 18 62 127 20 (D 1,3,3) (S 1,1,3) (S 41,3,9) (S 53,9,15) (S 61,20,21) (S 69,21,22) (S 74,15,14) (S 74,15,14) (D 14,1,1)
0 1 5 18 182 130 20 (D 1,8,8) (S 6,1,8) (S 51,19,25) (S 38,26,25) (S 52,19,13) (D 13,1,1)
0 1 6 9 45 85 11 (D 1,13,13) (S 10,1,13) (D 12,1,1)
