10053
24
85220295
85220295
0 1 1 6 607 143 8 (D 1,9,9) (S 21,1,9) (S 103,9,8) (S 28,8,9) (S 107,14,13) (D 13,1,1)
0 1 2 7 432 136 9 (D 1,80,80) (S 37,27,28) (S 39,28,30) (D 30,1,1)
0 1 3 5 408 148 7 (D 1,47,47) (S 23,1,47) (S 30,11,12) (D 12,1,1)
0 1 4 5 498 148 7 (D 1,68,68) (S 127,139,33) (D 21,1,1)
0 1 5 8 495 149 10 (D 1,34,34) (S 128,49,48) (S 129,140,49) (D 55,1,1)
0 1 6 8 748 149 10 (D 1,6,6) (S 101,6,5) (S 26,5,6) (S 125,45,34) (D 34,1,1)
0 1 7 10 811 150 12 (D 1,33,33) (S 5,1,33) (S 33,20,22) (S 122,43,37) (D 37,1,1)
0 1 8 7 340 150 9 (D 1,72,72) (S 67,44,73) (D 71,1,1)
0 1 9 7 314 143 9 (D 1,69,69) (S 140,72,71) (S 139,71,69) (S 138,69,67) (D 67,1,1)
0 1 10 11 633 150 13 (D 1,84,84) (S 56,55,56) (D 98,1,1)
0 1 11 7 550 147 9 (D 1,29,29) (S 113,29,28) (S 35,24,25) (D 25,1,1)
0 1 12 8 332 148 10 (D 1,64,64) (S 59,64,65) (D 67,1,1)
0 1 13 9 470 143 11 (D 1,37,37) (S 119,38,36) (D 46,1,1)
0 1 14 9 458 149 11 (D 1,130,130) (S 8,1,130) (S 51,43,46) (S 70,78,79) (D 79,1,1)
0 1 15 5 383 145 7 (D 1,135,135) (S 4,1,135) (D 126,1,1)
0 1 16 10 401 143 12 (D 1,104,104) (S 153,97,96) (S 152,96,95) (D 95,1,1)
0 1 17 10 285 149 12 (D 1,117,117) (S 147,82,80) (S 74,84,85) (S 75,85,86) (D 86,1,1)
0 1 18 10 213 146 12 (D 1,116,116) (S 19,1,116) (S 164,112,107) (S 156,105,104) (S 81,104,105) (S 162,111,110) (D 110,1,1)
0 1 19 3 198 149 5 (D 1,108,108) (D 102,1,1)
0 1 20 7 266 149 9 (D 1,117,117) (S 76,86,87) (S 97,124,126) (D 86,1,1)
0 1 21 4 461 150 6 (D 1,2,2) (D 8,1,1)
0 1 22 10 182 136 12 (D 1,110,110) (S 1,1,110) (S 83,106,107) (S 86,107,110) (S 88,110,112) (S 90,112,113) (D 113,1,1)
0 1 23 3 424 147 5 (D 1,109,109) (D 116,1,1)
0 1 24 6 144 146 8 (D 1,1,1) (S 95,117,119) (D 119,1,1)
