447
11
19951379
19951379
0 1 1 1 0 4 3 (D 1,1,1) (D 1,1,1)
0 1 2 1 2 3 3 (D 1,6,6) (S 3,1,6) (D 6,1,1)
0 1 3 12 78 75 14 (D 1,15,15) (S 11,1,15) (S 63,38,28) (S 112,28,32) (D 50,1,1)
0 1 4 12 49 72 14 (D 1,15,15) (S 11,1,15) (S 96,31,37) (S 109,37,43) (D 43,1,1)
0 1 5 12 93 75 14 (D 1,9,9) (S 6,1,9) (S 57,16,17) (S 62,9,8) (D 8,1,1)
0 1 6 15 45 68 17 (D 1,22,22) (S 15,1,22) (S 74,23,31) (S 96,31,37) (S 73,36,42) (D 47,1,1)
0 1 7 10 15 62 12 (D 1,11,11) (S 7,1,11) (S 51,11,19) (S 56,34,40) (D 33,1,1)
0 1 8 10 48 70 12 (D 1,12,12) (S 8,1,12) (S 66,24,23) (D 13,1,1)
0 1 9 9 37 71 11 (D 1,12,12) (S 8,1,12) (S 45,20,21) (D 46,1,1)
0 1 10 14 38 70 16 (D 1,8,8) (S 5,1,8) (S 92,41,48) (S 97,26,30) (D 34,1,1)
0 1 11 10 42 75 12 (D 1,6,6) (S 3,1,6) (D 6,1,1)
