578
8
3163572
3163572
0 1 1 6 48 74 8 (D 1,2,2) (S 1,1,2) (S 69,23,14) (S 82,14,24) (D 35,1,1)
0 1 2 11 51 75 13 (D 1,3,3) (S 2,1,3) (S 54,17,20) (D 19,1,1)
0 1 3 8 58 74 10 (D 1,7,7) (S 5,1,7) (S 43,15,16) (S 73,25,26) (D 33,1,1)
0 1 4 9 74 75 11 (D 1,29,29) (S 22,1,29) (S 59,38,34) (S 79,34,35) (S 72,35,36) (D 41,1,1)
0 1 5 12 83 74 14 (D 1,34,34) (S 26,1,34) (S 41,36,40) (S 67,37,36) (S 41,36,40) (S 75,39,40) (D 36,1,1)
0 1 6 11 107 75 13 (D 1,15,15) (S 11,1,15) (S 81,19,26) (D 26,1,1)
0 1 7 14 91 75 16 (D 1,5,5) (S 34,5,6) (S 37,11,16) (S 83,3,2) (D 2,1,1)
0 1 8 10 66 75 12 (D 1,9,9) (S 7,1,9) (S 39,9,10) (S 44,13,7) (S 56,14,13) (S 44,13,7) (D 24,1,1)
