4457
26
7526927
7526927
0 1 1 1 65 701 3 (D 1,10,10) (D 10,1,1)
0 1 2 6 250 1607 8 (D 1,13,13) (S 92,49,56) (D 56,1,1)
0 1 3 3 218 1580 5 (D 1,40,40) (D 49,1,1)
0 1 4 4 190 1542 6 (D 1,8,8) (S 18,8,15) (S 31,15,24) (D 24,1,1)
0 1 5 4 170 1560 6 (D 1,47,47) (S 89,47,54) (D 54,1,1)
0 1 6 4 219 1490 6 (D 1,42,42) (D 24,1,1)
0 1 7 4 204 1592 6 (D 1,4,4) (S 86,46,52) (D 52,1,1)
0 1 8 6 225 1557 8 (D 1,30,30) (S 4,1,30) (S 57,30,31) (S 91,48,55) (D 55,1,1)
0 1 9 4 188 1606 6 (D 1,21,21) (D 41,1,1)
0 1 10 6 233 1580 8 (D 1,20,20) (S 54,28,37) (D 38,1,1)
0 1 11 3 150 1606 5 (D 1,45,45) (S 84,45,52) (D 52,1,1)
0 1 12 3 139 1479 5 (D 1,50,50) (S 93,50,51) (D 51,1,1)
0 1 13 4 164 1576 6 (D 1,27,27) (S 107,37,38) (S 71,38,39) (D 39,1,1)
0 1 14 4 173 1612 6 (D 1,12,12) (S 1,1,12) (S 25,12,22) (S 41,22,23) (S 45,23,32) (D 32,1,1)
0 1 15 4 186 1620 6 (D 1,36,36) (D 46,1,1)
0 1 16 4 148 1576 6 (D 1,19,19) (S 40,21,30) (D 30,1,1)
0 1 17 3 116 1543 5 (D 1,17,17) (S 37,19,28) (D 28,1,1)
0 1 18 5 131 1532 7 (D 1,11,11) (D 20,1,1)
0 1 19 6 220 1613 8 (D 1,16,16) (S 2,1,16) (S 74,39,40) (D 55,1,1)
0 1 20 3 166 1646 5 (D 1,10,10) (S 22,10,20) (D 32,1,1)
0 1 21 4 195 1649 6 (D 1,5,5) (S 30,14,24) (D 23,1,1)
0 1 22 5 170 1647 7 (D 1,25,25) (S 3,1,25) (D 45,1,1)
0 1 23 4 198 1625 6 (D 1,22,22) (S 42,22,31) (D 12,1,1)
0 1 24 4 79 1554 6 (D 1,9,9) (S 20,9,18) (D 18,1,1)
0 1 25 5 144 1614 7 (D 1,2,2) (S 5,1,2) (S 7,2,3) (D 14,1,1)
0 1 26 4 116 1495 6 (D 1,16,16) (S 2,1,16) (S 33,16,25) (S 48,25,26) (D 34,1,1)
