6998
17
35277642
35277642
0 1 1 12 711 1772 14 (D 72,61,61) (S 79,61,48) (S 47,24,37) (S 58,37,38) (S 69,52,51) (D 112,72,72)
0 1 2 10 602 1779 12 (D 72,62,62) (S 21,72,62) (D 88,72,72)
0 1 3 8 524 1786 10 (D 72,105,105) (S 34,72,105) (S 121,107,108) (S 113,92,79) (D 79,72,72)
0 1 4 7 415 1806 9 (D 72,16,16) (S 6,72,16) (D 20,72,72)
0 1 5 9 507 1780 11 (D 72,71,71) (S 99,80,81) (D 96,72,72)
0 1 6 6 316 1805 8 (D 72,43,43) (S 17,72,43) (S 62,43,42) (S 60,42,41) (D 73,72,72)
0 1 7 9 571 1742 11 (D 72,98,98) (D 42,72,72)
0 1 8 7 403 1818 9 (D 72,73,73) (S 24,72,73) (S 115,97,84) (S 122,110,111) (D 111,72,72)
0 1 9 7 361 1699 9 (D 72,18,18) (S 7,72,18) (D 39,72,72)
0 1 10 9 397 1794 11 (D 72,60,60) (S 97,78,77) (S 96,77,76) (D 63,72,72)
0 1 11 7 268 1760 9 (D 72,86,86) (S 110,88,89) (D 116,72,72)
0 1 12 9 544 1809 11 (D 72,56,56) (S 18,72,56) (S 104,83,96) (D 96,72,72)
0 1 13 5 115 1551 7 (D 72,59,59) (S 20,72,59) (S 76,58,71) (D 70,72,72)
0 1 14 6 190 1795 8 (D 72,69,69) (S 23,72,69) (S 63,44,43) (S 55,31,32) (D 32,72,72)
0 1 15 7 505 1691 9 (D 72,6,6) (S 2,72,6) (D 75,72,72)
0 1 16 5 230 1630 7 (D 72,59,59) (S 20,72,59) (S 82,62,75) (D 74,72,72)
0 1 17 4 339 1619 6 (D 72,33,33) (S 11,72,33) (D 38,72,72)
