536
9
18066315
18066315
0 1 1 15 103 74 17 (D 1,26,26) (S 21,1,26) (S 46,39,40) (S 88,40,41) (S 86,39,38) (S 85,38,34) (S 56,34,35) (D 35,1,1)
0 1 2 11 62 73 13 (D 1,19,19) (S 16,1,19) (D 17,1,1)
0 1 3 13 87 74 15 (D 1,15,15) (S 13,1,15) (S 36,27,32) (S 71,32,36) (S 62,36,35) (S 65,35,34) (D 30,1,1)
0 1 4 12 55 74 14 (D 1,15,15) (S 13,1,15) (S 36,27,32) (S 55,32,26) (D 19,1,1)
0 1 5 12 57 74 14 (D 1,9,9) (S 8,1,9) (S 35,9,14) (S 92,29,23) (S 83,23,14) (D 9,1,1)
0 1 6 2 33 27 4 (D 1,7,7) (S 6,1,7) (D 31,1,1)
0 1 7 8 29 75 10 (D 1,2,2) (S 1,1,2) (S 58,13,7) (D 7,1,1)
0 1 8 11 65 63 13 (D 1,2,2) (S 1,1,2) (S 38,17,18) (S 61,12,11) (S 43,11,16) (D 12,1,1)
0 1 9 10 45 72 12 (D 1,2,2) (S 1,1,2) (S 70,3,4) (D 8,1,1)
