6803
15
7461628
7461628
0 1 1 4 395 186 6 (D 1,59,59) (S 86,60,61) (D 35,1,1)
0 1 2 5 540 189 7 (D 1,39,39) (S 60,37,38) (D 38,1,1)
0 1 3 10 473 188 12 (D 1,76,76) (S 11,1,76) (S 34,13,77) (S 99,72,73) (S 100,73,74) (D 74,1,1)
0 1 4 7 601 179 9 (D 1,76,76) (S 11,1,76) (S 98,71,73) (D 17,1,1)
0 1 5 11 630 189 13 (D 1,31,31) (S 2,1,31) (S 48,26,27) (S 50,28,29) (D 51,1,1)
0 1 6 12 457 188 14 (D 1,53,53) (S 45,25,75) (S 77,52,54) (D 54,1,1)
0 1 7 5 274 180 7 (D 1,59,59) (D 16,1,1)
0 1 8 11 339 189 13 (D 1,2,2) (S 14,1,2) (S 73,49,51) (D 48,1,1)
0 1 9 4 410 183 6 (D 1,69,69) (D 34,1,1)
0 1 10 11 756 189 13 (D 1,33,33) (D 46,1,1)
0 1 11 5 455 188 7 (D 1,44,44) (D 20,1,1)
0 1 12 5 347 183 7 (D 1,8,8) (D 72,1,1)
0 1 13 5 264 177 7 (D 1,3,3) (D 69,1,1)
0 1 14 8 691 189 10 (D 1,63,63) (S 90,63,65) (D 4,1,1)
0 1 15 4 171 72 6 (D 1,2,2) (S 14,1,2) (D 9,1,1)
