678
9
6396684
6396684
0 1 1 10 52 75 12 (D 1,7,7) (S 4,1,7) (S 78,6,12) (S 69,12,11) (D 11,1,1)
0 1 2 9 49 71 11 (D 1,7,7) (S 4,1,7) (S 48,15,16) (S 55,20,27) (D 27,1,1)
0 1 3 14 122 75 16 (D 1,39,39) (S 30,1,39) (S 79,39,40) (S 79,39,40) (D 9,1,1)
0 1 4 9 82 75 11 (D 1,23,23) (S 16,1,23) (D 29,1,1)
0 1 5 11 160 75 13 (D 1,32,32) (S 24,1,32) (S 46,34,35) (S 62,36,37) (D 20,1,1)
0 1 6 10 82 75 12 (D 1,24,24) (S 17,1,24) (S 39,24,30) (S 66,23,13) (D 22,1,1)
0 1 7 10 43 70 12 (D 1,3,3) (S 2,1,3) (S 75,11,5) (D 4,1,1)
0 1 8 11 87 75 13 (D 1,3,3) (S 2,1,3) (D 2,1,1)
0 1 9 2 1 22 4 (D 1,2,2) (S 1,1,2) (D 2,1,1)
