3733
10
1860197
1860197
0 1 1 1 113 387 3 (D 1,5,5) (S 4,1,5) (D 5,1,1)
0 1 2 7 355 1857 9 (D 1,13,13) (S 9,1,13) (S 42,13,14) (S 60,26,22) (S 61,26,31) (D 31,1,1)
0 1 3 7 506 1863 9 (D 1,20,20) (S 24,17,18) (S 48,18,12) (D 12,1,1)
0 1 4 7 393 1643 9 (D 1,12,12) (S 8,1,12) (S 41,12,11) (D 28,1,1)
0 1 5 7 412 1787 9 (D 1,21,21) (S 15,1,21) (S 25,19,27) (S 26,27,28) (D 13,1,1)
0 1 6 7 375 1798 9 (D 1,2,2) (S 1,1,2) (S 24,17,18) (D 18,1,1)
0 1 7 7 628 1878 9 (D 1,25,25) (S 19,1,25) (S 59,25,24) (S 58,24,23) (D 7,1,1)
0 1 8 7 171 1883 9 (D 1,1,1) (S 7,1,8) (S 43,14,15) (D 15,1,1)
0 1 9 9 521 1830 11 (D 1,20,20) (S 62,29,30) (S 64,30,31) (S 55,23,22) (D 32,1,1)
0 1 10 6 259 1815 8 (D 1,2,2) (S 1,1,2) (S 29,3,4) (D 7,1,1)
