221
10
521649
521649
0 1 1 4 43 27 6 (D 1,14,14) (S 6,1,14) (S 18,14,16) (D 21,1,1)
0 1 2 4 20 24 6 (D 1,4,4) (S 2,1,4) (S 38,10,11) (D 11,1,1)
0 1 3 5 32 25 7 (D 1,20,20) (S 39,22,25) (D 25,1,1)
0 1 4 5 16 25 7 (D 1,6,6) (S 3,1,6) (S 24,6,9) (D 9,1,1)
0 1 5 4 19 27 6 (D 1,4,4) (S 2,1,4) (S 40,4,5) (S 30,5,9) (D 9,1,1)
0 1 6 3 8 27 5 (D 1,17,17) (S 22,1,17) (D 15,1,1)
0 1 7 3 16 27 5 (D 1,24,24) (S 12,1,24) (D 24,1,1)
0 1 8 5 20 26 7 (D 1,27,27) (S 28,1,27) (D 21,1,1)
0 1 9 3 9 20 5 (D 1,2,2) (S 1,1,2) (D 19,1,1)
0 1 10 4 38 21 6 (D 1,8,8) (D 13,1,1)
