429
9
25529477
25529477
0 1 1 14 52 69 16 (D 1,26,26) (S 39,26,34) (S 44,34,42) (S 73,48,49) (S 63,50,49) (S 83,34,35) (D 35,1,1)
0 1 2 12 29 70 14 (D 1,10,10) (S 8,1,10) (S 56,12,19) (D 18,1,1)
0 1 3 16 64 69 18 (D 1,15,15) (S 13,1,15) (S 69,37,29) (D 25,1,1)
0 1 4 6 35 70 8 (D 1,16,16) (S 14,1,16) (D 33,1,1)
0 1 5 16 59 69 18 (D 1,13,13) (S 11,1,13) (S 95,13,22) (S 95,13,22) (S 77,22,14) (S 89,28,27) (D 25,1,1)
0 1 6 7 32 61 9 (D 1,5,5) (S 4,1,5) (D 15,1,1)
0 1 7 7 27 65 9 (D 1,17,17) (S 15,1,17) (S 106,17,30) (S 108,30,39) (D 43,1,1)
0 1 8 13 62 68 15 (D 1,45,45) (S 35,1,45) (S 66,45,44) (S 96,38,37) (S 99,37,38) (S 84,38,36) (D 36,1,1)
0 1 9 10 69 67 12 (D 1,20,20) (S 17,1,20) (D 32,1,1)
