7323
27
157742261
157742261
0 1 1 12 402 1576 14 (D 1,31,31) (S 182,66,67) (S 183,67,57) (S 153,52,53) (D 68,1,1)
0 1 2 10 380 1571 12 (D 1,14,14) (D 65,1,1)
0 1 3 8 310 1489 10 (D 1,28,28) (S 13,1,28) (S 159,55,56) (S 166,58,68) (D 68,1,1)
0 1 4 6 292 1568 8 (D 1,16,16) (S 9,1,16) (S 84,24,25) (S 105,33,32) (D 32,1,1)
0 1 5 6 291 1531 8 (D 1,41,41) (S 126,41,42) (D 51,1,1)
0 1 6 7 253 1550 9 (D 1,17,17) (D 18,1,1)
0 1 7 8 345 1524 10 (D 1,1,1) (S 16,1,36) (S 125,41,32) (D 51,1,1)
0 1 8 11 365 1553 13 (D 1,44,44) (S 167,59,60) (S 173,62,63) (S 175,64,54) (D 48,1,1)
0 1 9 7 368 1528 9 (D 1,14,14) (S 174,63,62) (D 62,1,1)
0 1 10 7 261 1532 9 (D 1,2,2) (S 108,34,25) (D 25,1,1)
0 1 11 7 215 1519 9 (D 1,38,38) (D 49,1,1)
0 1 12 10 357 1547 12 (D 1,6,6) (S 1,1,6) (S 50,8,17) (D 21,1,1)
0 1 13 5 251 1443 7 (D 1,46,46) (S 21,1,46) (S 139,48,39) (S 121,39,29) (D 29,1,1)
0 1 14 6 277 1542 8 (D 1,14,14) (S 60,14,21) (S 76,21,14) (S 61,15,6) (D 6,1,1)
0 1 15 7 226 1552 9 (D 1,30,30) (S 15,1,30) (D 39,1,1)
0 1 16 7 274 1573 9 (D 1,1,1) (S 8,1,13) (S 96,28,29) (D 29,1,1)
0 1 17 7 256 1546 9 (D 1,11,11) (S 6,1,11) (S 159,55,56) (D 56,1,1)
0 1 18 5 143 1501 7 (D 1,27,27) (S 12,1,27) (D 36,1,1)
0 1 19 8 233 1544 10 (D 1,10,10) (S 5,1,10) (S 111,35,36) (S 132,44,45) (S 133,45,46) (D 46,1,1)
0 1 20 5 260 1467 7 (D 1,10,10) (S 5,1,10) (S 73,19,28) (D 61,1,1)
0 1 21 7 204 1569 9 (D 1,26,26) (S 92,26,35) (S 135,46,61) (D 61,1,1)
0 1 22 6 301 1573 8 (D 1,35,35) (S 167,59,60) (S 172,62,61) (S 170,61,60) (D 60,1,1)
0 1 23 4 133 1319 6 (D 1,10,10) (S 5,1,10) (S 53,10,11) (D 13,1,1)
0 1 24 5 188 1502 7 (D 1,2,2) (D 16,1,1)
0 1 25 6 243 1562 8 (D 1,10,10) (S 5,1,10) (S 53,10,11) (S 56,12,19) (D 19,1,1)
0 1 26 2 253 762 4 (D 1,32,32) (D 51,1,1)
0 1 27 6 242 1457 8 (D 1,7,7) (S 2,1,7) (S 47,7,8) (S 49,8,9) (S 47,7,8) (D 8,1,1)
