9643
28
80967026
80967026
0 1 1 1 124 75 3 (D 1,69,69) (S 20,1,69) (D 69,1,1)
0 1 2 1 49 56 3 (D 1,4,4) (D 4,1,1)
0 1 3 3 371 172 5 (D 1,44,44) (D 32,1,1)
0 1 4 9 535 188 11 (D 1,73,73) (S 96,70,71) (S 97,71,72) (D 72,1,1)
0 1 5 6 430 187 8 (D 1,57,57) (S 11,1,57) (S 58,33,36) (S 145,36,33) (D 33,1,1)
0 1 6 6 557 189 8 (D 1,23,23) (S 15,1,23) (S 52,30,31) (D 24,1,1)
0 1 7 11 439 182 13 (D 1,39,39) (S 148,39,37) (S 60,37,38) (S 148,39,37) (S 61,37,39) (S 150,39,35) (D 35,1,1)
0 1 8 11 396 188 13 (D 1,14,14) (S 122,17,15) (S 104,15,77) (D 77,1,1)
0 1 9 5 460 182 7 (D 1,18,18) (S 3,1,18) (S 101,18,72) (S 188,72,18) (S 39,18,20) (D 20,1,1)
0 1 10 7 565 190 9 (D 1,41,41) (S 151,41,35) (S 135,27,26) (D 26,1,1)
0 1 11 4 255 186 6 (D 1,11,11) (D 18,1,1)
0 1 12 10 445 189 12 (D 1,25,25) (S 17,1,25) (S 140,31,23) (S 102,23,75) (S 129,75,22) (S 128,22,21) (D 21,1,1)
0 1 13 12 439 189 14 (D 1,22,22) (S 46,25,26) (S 49,26,28) (S 50,28,29) (S 137,29,28) (S 136,28,26) (D 54,1,1)
0 1 14 13 369 189 15 (D 1,51,51) (S 75,51,53) (S 129,75,22) (S 128,22,21) (D 52,1,1)
0 1 15 9 358 190 11 (D 1,19,19) (S 38,19,20) (S 125,20,19) (S 79,19,50) (S 159,50,49) (D 49,1,1)
0 1 16 8 417 189 10 (D 1,76,76) (S 31,12,16) (D 12,1,1)
0 1 17 8 302 187 10 (D 1,58,58) (S 8,1,58) (S 177,65,63) (D 63,1,1)
0 1 18 8 275 129 10 (D 1,50,50) (S 163,53,52) (S 158,49,47) (S 70,47,48) (S 157,48,47) (D 47,1,1)
0 1 19 5 438 189 7 (D 1,57,57) (S 11,1,57) (S 168,57,42) (S 81,42,57) (D 34,1,1)
0 1 20 7 495 188 9 (D 1,56,56) (D 69,1,1)
0 1 21 6 192 179 8 (D 1,1,1) (S 8,1,58) (S 83,58,59) (S 94,59,69) (D 69,1,1)
0 1 22 10 297 190 12 (D 1,45,45) (S 9,1,45) (S 67,45,46) (S 154,46,45) (S 153,45,44) (D 60,1,1)
0 1 23 3 163 184 5 (D 1,59,59) (S 194,59,44) (D 44,1,1)
0 1 24 7 415 182 9 (D 1,4,4) (S 179,68,66) (S 178,66,62) (D 59,1,1)
0 1 25 5 187 180 7 (D 1,5,5) (S 28,8,9) (D 11,1,1)
0 1 26 4 228 173 6 (D 1,69,69) (S 20,1,69) (S 180,69,58) (S 85,58,60) (S 86,60,61) (D 61,1,1)
0 1 27 10 334 176 12 (D 1,7,7) (S 29,9,10) (S 114,8,7) (S 113,7,5) (S 25,5,6) (D 2,1,1)
0 1 28 5 108 177 7 (D 1,3,3) (S 10,1,3) (S 109,3,2) (S 23,2,4) (S 110,4,2) (S 22,2,3) (D 3,1,1)
