614
9
20725540
20725540
0 1 1 7 67 71 9 (D 1,2,2) (S 1,1,2) (S 22,30,31) (D 39,1,1)
0 1 2 13 85 69 15 (D 1,35,35) (S 39,35,39) (S 27,21,22) (S 54,22,28) (S 58,28,22) (D 22,1,1)
0 1 3 12 72 75 14 (D 1,12,12) (S 5,1,12) (S 37,17,20) (S 37,17,20) (S 60,20,17) (D 17,1,1)
0 1 4 10 34 75 12 (D 1,1,1) (S 45,1,7) (S 38,7,8) (S 46,6,12) (S 23,11,17) (D 17,1,1)
0 1 5 12 70 75 14 (D 1,16,16) (S 8,1,16) (S 57,16,19) (S 56,19,26) (S 81,26,32) (D 10,1,1)
0 1 6 17 133 75 19 (D 1,2,2) (S 1,1,2) (S 74,10,15) (S 48,30,29) (S 70,29,23) (D 19,1,1)
0 1 7 11 84 75 13 (D 1,29,29) (S 61,23,14) (S 66,23,29) (S 59,29,34) (D 34,1,1)
0 1 8 2 5 26 4 (D 1,9,9) (S 3,1,9) (D 8,1,1)
0 1 9 11 64 72 13 (D 1,2,2) (S 1,1,2) (S 34,27,32) (S 94,38,34) (S 47,34,35) (S 53,35,34) (D 34,1,1)
