601
9
14434212
14434212
0 1 1 13 50 73 15 (D 1,11,11) (S 4,1,11) (S 44,11,5) (S 23,9,14) (S 62,23,29) (S 49,29,23) (D 25,1,1)
0 1 2 15 89 74 17 (D 1,22,22) (S 94,22,28) (S 58,28,27) (S 72,26,32) (S 63,40,41) (S 71,41,37) (S 85,27,21) (D 21,1,1)
0 1 3 13 109 73 15 (D 1,2,2) (S 1,1,2) (D 29,1,1)
0 1 4 14 69 74 16 (D 1,2,2) (S 1,1,2) (S 33,11,17) (S 74,16,15) (S 40,7,8) (S 36,8,9) (D 25,1,1)
0 1 5 8 49 73 10 (D 1,15,15) (S 7,1,15) (S 87,34,38) (D 38,1,1)
0 1 6 9 62 71 11 (D 1,24,24) (S 13,1,24) (S 46,41,40) (D 40,1,1)
0 1 7 7 74 74 9 (D 1,27,27) (S 16,1,27) (D 4,1,1)
0 1 8 11 91 75 13 (D 1,16,16) (S 8,1,16) (S 86,13,7) (S 40,7,8) (D 8,1,1)
0 1 9 2 8 24 4 (D 1,1,1) (S 6,1,14) (D 14,1,1)
