209
10
618695
618695
0 1 1 5 25 27 7 (D 1,14,14) (S 7,1,14) (S 26,14,18) (S 28,14,20) (D 20,1,1)
0 1 2 4 14 26 6 (D 1,10,10) (S 6,1,10) (D 4,1,1)
0 1 3 5 23 27 7 (D 1,25,25) (D 20,1,1)
0 1 4 4 28 25 6 (D 1,9,9) (S 38,8,9) (D 9,1,1)
0 1 5 5 22 26 7 (D 1,23,23) (S 22,23,26) (S 25,25,26) (D 26,1,1)
0 1 6 5 24 24 7 (D 1,6,6) (S 5,1,6) (D 7,1,1)
0 1 7 5 19 23 7 (D 1,1,1) (S 17,1,15) (D 17,1,1)
0 1 8 5 17 25 7 (D 1,24,24) (S 21,1,24) (D 27,1,1)
0 1 9 4 22 25 6 (D 1,2,2) (S 1,1,2) (D 16,1,1)
0 1 10 3 15 21 5 (D 1,3,3) (S 2,1,3) (D 4,1,1)
