8250
18
9219686
9219686
0 1 1 6 515 143 8 (D 1,20,20) (S 7,1,20) (S 49,20,24) (S 50,24,25) (D 27,1,1)
0 1 2 6 395 147 8 (D 1,48,48) (S 2,1,48) (S 68,48,49) (D 55,1,1)
0 1 3 8 566 150 10 (D 1,86,86) (D 22,1,1)
0 1 4 6 531 146 8 (D 1,73,73) (D 42,1,1)
0 1 5 7 529 150 9 (D 1,36,36) (S 1,1,36) (S 59,36,38) (S 84,77,78) (D 78,1,1)
0 1 6 9 604 146 11 (D 1,87,87) (D 45,1,1)
0 1 7 5 439 148 7 (D 1,71,71) (S 80,71,72) (D 25,1,1)
0 1 8 10 525 147 12 (D 1,63,63) (D 98,1,1)
0 1 9 5 327 149 7 (D 1,80,80) (S 13,1,80) (S 85,78,79) (D 79,1,1)
0 1 10 7 470 148 9 (D 1,37,37) (S 10,1,37) (S 66,43,46) (D 85,1,1)
0 1 11 7 269 150 9 (D 1,119,119) (D 88,1,1)
0 1 12 7 783 150 9 (D 1,8,8) (S 41,5,6) (D 69,1,1)
0 1 13 4 370 149 6 (D 1,109,109) (S 103,110,112) (D 112,1,1)
0 1 14 7 568 150 9 (D 1,67,67) (D 113,1,1)
0 1 15 6 354 144 8 (D 1,114,114) (S 30,1,114) (D 117,1,1)
0 1 16 5 301 147 7 (D 1,116,116) (S 107,1,116) (D 130,1,1)
0 1 17 8 618 147 10 (D 1,104,104) (S 105,112,113) (D 12,1,1)
0 1 18 2 86 72 4 (D 1,118,118) (S 38,1,118) (D 118,1,1)
