243
8
1580520
1580520
0 1 1 6 38 50 8 (D 1,31,31) (S 27,1,31) (D 4,1,1)
0 1 2 10 27 50 12 (D 1,1,1) (S 17,1,30) (S 45,10,14) (S 46,11,12) (D 12,1,1)
0 1 3 7 36 49 9 (D 1,2,2) (S 1,1,2) (S 35,19,22) (S 49,12,11) (D 11,1,1)
0 1 4 7 39 46 9 (D 1,26,26) (S 15,1,26) (D 8,1,1)
0 1 5 5 26 40 7 (D 1,22,22) (D 18,1,1)
0 1 6 8 34 49 10 (D 1,13,13) (S 54,13,12) (D 15,1,1)
0 1 7 8 38 50 10 (D 1,31,31) (S 27,1,31) (S 57,31,5) (D 28,1,1)
0 1 8 4 5 33 6 (D 1,2,2) (S 1,1,2) (S 50,2,3) (S 47,3,2) (S 50,2,3) (D 3,1,1)
