514
19
108878264
108878264
0 1 1 10 28 71 12 (D 1,34,34) (S 27,42,44) (S 31,44,50) (D 50,1,1)
0 1 2 10 48 74 12 (D 1,28,28) (S 95,28,32) (S 103,32,38) (S 87,25,28) (S 158,28,25) (D 25,1,1)
0 1 3 12 40 75 14 (D 1,48,48) (S 24,41,48) (S 23,41,42) (S 165,36,27) (S 92,27,31) (D 31,1,1)
0 1 4 11 35 75 13 (D 1,39,39) (S 176,39,33) (S 106,33,40) (S 22,40,47) (D 34,1,1)
0 1 5 11 27 74 13 (D 1,19,19) (S 1,1,19) (S 168,33,29) (D 27,1,1)
0 1 6 9 30 75 11 (D 1,1,1) (D 3,1,1)
0 1 7 10 42 75 12 (D 1,3,3) (S 4,1,3) (S 42,3,4) (S 44,4,10) (S 126,10,9) (S 124,9,8) (D 3,1,1)
0 1 8 9 36 72 11 (D 1,12,12) (S 55,9,10) (D 10,1,1)
0 1 9 10 25 74 12 (D 1,6,6) (S 39,1,6) (D 26,1,1)
0 1 10 10 35 75 12 (D 1,37,37) (S 173,37,32) (S 20,38,45) (D 32,1,1)
0 1 11 8 19 73 10 (D 1,31,31) (S 153,31,22) (S 81,22,23) (D 23,1,1)
0 1 12 9 33 74 11 (D 1,26,26) (D 18,1,1)
0 1 13 10 20 73 12 (D 1,7,7) (S 10,1,7) (S 112,7,2) (S 67,15,16) (D 14,1,1)
0 1 14 9 15 75 11 (D 1,1,1) (S 1,1,19) (S 143,19,18) (S 72,18,19) (S 143,19,18) (D 20,1,1)
0 1 15 9 22 70 11 (D 1,7,7) (S 10,1,7) (S 112,7,2) (S 41,2,7) (S 65,14,15) (S 67,15,16) (D 25,1,1)
0 1 16 10 25 71 12 (D 1,21,21) (S 79,21,22) (S 81,22,23) (S 64,13,21) (S 135,21,13) (D 13,1,1)
0 1 17 11 22 70 13 (D 1,11,11) (S 59,11,12) (S 52,7,13) (S 132,13,12) (S 120,12,6) (D 6,1,1)
0 1 18 2 2 17 4 (D 1,6,6) (S 39,1,6) (D 6,1,1)
0 1 19 8 10 72 10 (D 1,1,1) (S 130,12,11) (S 117,11,5) (D 5,1,1)
