232
8
1419225
1419225
0 1 1 5 24 48 7 (D 1,2,2) (S 1,1,2) (S 44,9,4) (D 4,1,1)
0 1 2 5 26 50 7 (D 1,19,19) (S 14,1,19) (S 55,19,22) (D 22,1,1)
0 1 3 5 25 44 7 (D 1,7,7) (S 5,1,7) (D 15,1,1)
0 1 4 5 16 44 7 (D 1,10,10) (S 7,1,10) (D 11,1,1)
0 1 5 6 56 49 8 (D 1,29,29) (S 20,1,29) (S 41,30,29) (D 4,1,1)
0 1 6 6 26 50 8 (D 1,13,13) (S 8,1,13) (S 42,12,18) (D 18,1,1)
0 1 7 9 40 50 11 (D 1,31,31) (S 22,1,31) (S 24,10,11) (S 51,21,18) (D 6,1,1)
0 1 8 6 19 48 8 (D 1,6,6) (S 4,1,6) (S 54,5,31) (S 26,3,9) (D 9,1,1)
