2782
12
5565640
5565640
0 1 1 8 198 1674 10 (D 1,8,8) (S 61,18,19) (S 62,19,12) (D 5,1,1)
0 1 2 8 266 1704 10 (D 1,23,23) (S 11,1,23) (S 68,23,24) (S 69,24,25) (S 71,25,24) (D 30,1,1)
0 1 3 7 219 1611 9 (D 1,19,19) (S 8,1,19) (S 64,19,25) (D 31,1,1)
0 1 4 7 373 1688 9 (D 1,7,7) (S 75,28,29) (S 76,29,28) (S 53,15,14) (D 14,1,1)
0 1 5 6 166 1490 8 (D 1,1,1) (S 1,1,6) (D 11,1,1)
0 1 6 5 130 1499 7 (D 1,10,10) (S 2,1,10) (S 60,18,10) (D 10,1,1)
0 1 7 7 254 1678 9 (D 1,21,21) (S 9,1,21) (S 59,17,18) (D 18,1,1)
0 1 8 6 174 1695 8 (D 1,20,20) (S 65,20,15) (S 54,15,16) (D 21,1,1)
0 1 9 7 266 1697 9 (D 1,10,10) (S 2,1,10) (D 3,1,1)
0 1 10 6 367 1667 8 (D 1,14,14) (S 4,1,14) (S 24,29,30) (D 31,1,1)
0 1 11 7 155 1661 9 (D 1,2,2) (S 25,1,2) (S 27,2,3) (D 9,1,1)
0 1 12 5 214 1701 7 (D 1,14,14) (S 4,1,14) (S 52,14,21) (S 38,8,9) (D 1,1,1)
