4550
27
7622019
7622019
0 1 1 1 72 658 3 (D 22,39,39) (D 39,22,22)
0 1 2 3 242 1362 5 (D 22,36,36) (S 81,42,45) (D 45,22,22)
0 1 3 4 248 1461 6 (D 22,38,38) (S 74,38,49) (D 46,22,22)
0 1 4 3 205 1458 5 (D 22,44,44) (D 43,22,22)
0 1 5 4 205 1511 6 (D 22,37,37) (S 84,44,47) (D 47,22,22)
0 1 6 3 209 1564 5 (D 22,35,35) (D 26,22,22)
0 1 7 4 246 1343 6 (D 22,9,9) (S 14,8,9) (S 17,9,19) (D 19,22,22)
0 1 8 4 184 1531 6 (D 22,30,30) (S 43,22,30) (D 28,22,22)
0 1 9 3 187 1467 5 (D 22,49,49) (D 48,22,22)
0 1 10 4 207 1286 6 (D 22,37,37) (D 33,22,22)
0 1 11 3 170 1340 5 (D 22,16,16) (D 2,22,22)
0 1 12 4 193 1501 6 (D 22,39,39) (D 50,22,22)
0 1 13 3 193 1498 5 (D 22,19,19) (S 34,18,25) (D 25,22,22)
0 1 14 4 187 1405 6 (D 22,32,32) (D 52,22,22)
0 1 15 5 137 1565 7 (D 22,16,16) (S 19,10,15) (S 29,15,20) (D 20,22,22)
0 1 16 3 147 1237 5 (D 22,40,40) (S 77,40,41) (D 41,22,22)
0 1 17 4 184 1473 6 (D 22,31,31) (D 14,22,22)
0 1 18 2 79 1229 4 (D 22,22,22) (D 20,22,22)
0 1 19 4 99 1446 6 (D 22,12,12) (S 22,11,17) (D 17,22,22)
0 1 20 4 207 1552 6 (D 22,31,31) (S 78,40,51) (D 51,22,22)
0 1 21 4 227 1536 6 (D 22,5,5) (S 9,5,6) (S 8,4,11) (D 11,22,22)
0 1 22 3 189 1562 5 (D 22,21,21) (D 27,22,22)
0 1 23 3 158 1447 5 (D 22,12,12) (D 7,22,22)
0 1 24 3 74 1523 5 (D 22,23,23) (S 42,22,23) (D 13,22,22)
0 1 25 4 76 1364 6 (D 22,30,30) (S 43,22,30) (D 29,22,22)
0 1 26 3 188 1559 5 (D 22,21,21) (D 40,22,22)
0 1 27 2 37 1210 4 (D 22,22,22) (S 42,22,23) (D 23,22,22)
